5873.0	115.0	201801151023.0	116.299017	39.877978	111740.0	
5873.0	117.0	201801171015.0	116.296807	39.880545	110550.0	
5873.0	120.0	201801200902.0	116.300485	39.877085	95714.0	
5873.0	127.0	201801270730.0	116.300092	39.877411	83219.0	
5873.0	1202.0	201712020935.0	116.29929	39.877353	103418.0	
5873.0	1203.0	201712030908.0	116.298607	39.877083	95707.0	
5873.0	1224.0	201712240654.0	116.299092	39.879523	75256.0	
5873.0	1229.0	201712290807.0	116.297317	39.876741	85750.0	
5897.0	104.0	201801040843.0	116.299105	39.877063	94740.0	
5897.0	112.0	201801120932.0	116.29918	39.877885	104854.0	
5897.0	118.0	201801180827.0	116.297167	39.876956	92849.0	
5897.0	120.0	201801200704.0	116.299233	39.877456	80305.0	
5897.0	121.0	201801211122.0	116.298392	39.877191	121406.0	
5897.0	122.0	201801221117.0	116.299007	39.876966	121016.0	
5897.0	1110.0	201711100902.0	116.299307	39.877581	101043.0	
5897.0	1204.0	201712040704.0	116.299155	39.878053	81944.0	
5897.0	1212.0	201712121113.0	116.29923	39.877173	122741.0	
5897.0	1213.0	201712131105.0	116.299113	39.877841	120433.0	
5897.0	1216.0	201712161018.0	116.300075	39.877645	113543.0	
5897.0	1219.0	201712190841.0	116.299255	39.87714	94509.0	
5897.0	1221.0	201712211109.0	116.297083	39.876805	120626.0	
5897.0	1227.0	201712270952.0	116.299678	39.876213	105934.0	
5897.0	1229.0	201712291108.0	116.299038	39.877348	115825.0	
5935.0	112.0	201801120805.0	116.299183	39.877545	90447.0	
5935.0	113.0	201801130902.0	116.299432	39.878381	94850.0	
5935.0	115.0	201801150827.0	116.29783	39.87698	93431.0	
5935.0	121.0	201801211107.0	116.297005	39.877333	114900.0	
5935.0	125.0	201801250824.0	116.298455	39.877163	91924.0	
5935.0	127.0	201801270702.0	116.299197	39.877565	82309.0	
5935.0	1102.0	201711021114.0	116.29756	39.877015	122235.0	
5935.0	1210.0	201712101108.0	116.297307	39.87698	115122.0	
5939.0	107.0	201801071314.0	116.299227	39.87743	135827.0	
5939.0	118.0	201801180907.0	116.299172	39.87737	100751.0	
5939.0	129.0	201801290744.0	116.29928	39.877283	84331.0	
5939.0	131.0	201801310744.0	116.299197	39.878185	84432.0	
5939.0	1105.0	201711050727.0	116.300205	39.87948	85208.0	
5939.0	1211.0	201712111122.0	116.299267	39.877593	121337.0	
5939.0	1214.0	201712140703.0	116.299182	39.878213	81112.0	
5939.0	1218.0	201712181023.0	116.299188	39.87715	111351.0	
5939.0	1221.0	201712210802.0	116.29921	39.877331	90043.0	
5939.0	1222.0	201712220703.0	116.299248	39.877423	80837.0	
5939.0	1223.0	201712230907.0	116.297278	39.876963	95252.0	
5939.0	1229.0	201712290936.0	116.299263	39.877445	104938.0	
5939.0	1231.0	201712311107.0	116.297873	39.876915	121046.0	
5979.0	110.0	201801101005.0	116.299428	39.877748	111023.0	
5979.0	114.0	201801140743.0	116.299147	39.877491	82413.0	
5979.0	118.0	201801181027.0	116.296848	39.879468	112654.0	
5979.0	119.0	201801191003.0	116.299698	39.8789	110139.0	
5979.0	1101.0	201711010934.0	116.301112	39.879298	110717.0	
5979.0	1110.0	201711100843.0	116.30116	39.878405	104226.0	
5979.0	1202.0	201712020829.0	116.297143	39.877105	92541.0	
5979.0	1204.0	201712040845.0	116.298818	39.877181	100508.0	
5979.0	1210.0	201712100944.0	116.300427	39.878836	112313.0	
5979.0	1211.0	201712111112.0	116.297442	39.876706	120103.0	
5979.0	1218.0	201712180748.0	116.300842	39.879131	94829.0	
5979.0	1226.0	201712261128.0	116.29951	39.880763	121842.0	
5987.0	116.0	201801160937.0	116.298093	39.876788	103612.0	
5987.0	117.0	201801170742.0	116.299145	39.878191	85138.0	
5987.0	118.0	201801181103.0	116.29922	39.87747	120048.0	
5987.0	122.0	201801220822.0	116.299323	39.878511	93104.0	
5987.0	126.0	201801260905.0	116.29907	39.87822	101534.0	
5987.0	128.0	201801280702.0	116.299193	39.878258	75906.0	
5987.0	129.0	201801290703.0	116.299255	39.87743	80352.0	
5987.0	1104.0	201711041043.0	116.298972	39.877338	115322.0	
5987.0	1105.0	201711050842.0	116.29921	39.877656	95819.0	
5987.0	1109.0	201711090804.0	116.299198	39.877503	90704.0	
5987.0	1203.0	201712030805.0	116.298992	39.877125	85548.0	
5987.0	1205.0	201712050931.0	116.299258	39.877336	102632.0	
5987.0	1211.0	201712111042.0	116.299117	39.87787	113437.0	
5987.0	1218.0	201712181041.0	116.299118	39.877981	112938.0	
5987.0	1222.0	201712221002.0	116.299203	39.87742	105634.0	
5987.0	1229.0	201712291125.0	116.298967	39.878096	122305.0	
5992.0	104.0	201801041106.0	116.299143	39.877095	115812.0	
5992.0	112.0	201801120817.0	116.299893	39.878003	94834.0	
5992.0	113.0	201801130742.0	116.299252	39.877331	83015.0	
5992.0	114.0	201801140908.0	116.298562	39.876868	95849.0	
5992.0	118.0	201801181122.0	116.299043	39.87754	122203.0	
5992.0	121.0	201801210745.0	116.298353	39.880328	83338.0	
5992.0	122.0	201801220908.0	116.299285	39.877671	101515.0	
5992.0	126.0	201801260822.0	116.299198	39.877991	94136.0	
5992.0	1101.0	201711010934.0	116.29844	39.877058	103439.0	
5992.0	1106.0	201711060800.0	116.299337	39.87775	90441.0	
5992.0	1108.0	201711080703.0	116.299147	39.877358	83744.0	
5992.0	1204.0	201712041026.0	116.30017	39.878181	112747.0	
5992.0	1205.0	201712051053.0	116.299883	39.879495	115910.0	
5992.0	1207.0	201712070803.0	116.299282	39.877543	92802.0	
5992.0	1208.0	201712081108.0	116.297043	39.876936	120224.0	
5992.0	1211.0	201712110842.0	116.299082	39.877533	95936.0	
5992.0	1213.0	201712130835.0	116.300815	39.878658	110717.0	
5992.0	1214.0	201712140850.0	116.29918	39.87743	95824.0	
5992.0	1215.0	201712150703.0	116.299347	39.877715	80952.0	
5992.0	1220.0	201712201004.0	116.299477	39.87748	110637.0	
5995.0	110.0	201801101048.0	116.299673	39.880981	114611.0	
5995.0	114.0	201801141011.0	116.299338	39.880886	105439.0	
5995.0	119.0	201801191027.0	116.297632	39.877043	112344.0	
5995.0	120.0	201801201029.0	116.299993	39.878433	114058.0	
5995.0	127.0	201801270904.0	116.299033	39.878296	95730.0	
5995.0	1107.0	201711070850.0	116.299947	39.877796	113153.0	
5995.0	1109.0	201711090706.0	116.29824	39.880346	80646.0	
5995.0	1210.0	201712100721.0	116.299435	39.87754	85157.0	
5995.0	1211.0	201712111001.0	116.299572	39.880378	111336.0	
5995.0	1213.0	201712130858.0	116.299898	39.87949	101206.0	
5995.0	1227.0	201712270952.0	116.300095	39.877245	113604.0	
5995.0	1231.0	201712310724.0	116.33719	39.96623	75141.0	
6108.0	116.0	201801161019.0	116.299128	39.8793	111920.0	
6108.0	131.0	201801310929.0	116.300515	39.877861	113844.0	
6108.0	1105.0	201711051038.0	116.29965	39.877605	122816.0	
6108.0	1201.0	201712011003.0	116.299243	39.877586	105827.0	
6108.0	1202.0	201712020823.0	116.298668	39.880241	93645.0	
6108.0	1205.0	201712050905.0	116.299463	39.87894	100719.0	
6108.0	1206.0	201712060703.0	116.299007	39.878243	80428.0	
6108.0	1208.0	201712081108.0	116.299015	39.879621	121111.0	
6108.0	1216.0	201712160758.0	116.30316	39.877568	91652.0	
6108.0	1223.0	201712231021.0	116.299158	39.878341	112016.0	
6108.0	1226.0	201712260932.0	116.300155	39.87895	102930.0	
6108.0	1228.0	201712281109.0	116.299157	39.8797	121713.0	
6108.0	1229.0	201712290936.0	116.300515	39.878958	113709.0	
6110.0	1101.0	201711010700.0	116.299057	39.87831	75950.0	
6110.0	1106.0	201711060702.0	116.299195	39.877728	80600.0	
6110.0	1109.0	201711091001.0	116.2992	39.877741	110114.0	
6110.0	1201.0	201712010702.0	116.29909	39.877883	75952.0	
6110.0	1229.0	201712290907.0	116.29713	39.877018	95628.0	
6111.0	115.0	201801151006.0	116.299157	39.877658	110116.0	
6111.0	129.0	201801291029.0	116.302812	39.882588	112041.0	
6111.0	1217.0	201712170905.0	116.297215	39.876701	95212.0	
6111.0	1219.0	201712190705.0	116.299065	39.880818	80055.0	
6111.0	1225.0	201712251013.0	116.30038	39.87775	120828.0	
6111.0	1228.0	201712280936.0	116.294953	39.879671	113200.0	
6115.0	123.0	201801230934.0	116.299237	39.878061	103048.0	
6115.0	1102.0	201711021047.0	116.299365	39.877	112956.0	
6115.0	1105.0	201711051009.0	116.30083	39.878745	113228.0	
6115.0	1108.0	201711081001.0	116.299282	39.877613	105023.0	
6115.0	1206.0	201712061113.0	116.299267	39.877693	121106.0	
6115.0	1212.0	201712120954.0	116.300737	39.877331	110035.0	
6115.0	1215.0	201712150905.0	116.299177	39.878063	100601.0	
6115.0	1220.0	201712201026.0	116.298893	39.879375	112640.0	
6118.0	107.0	201801070704.0	116.299178	39.877113	74142.0	
6118.0	113.0	201801131108.0	116.297467	39.876898	120559.0	
6118.0	115.0	201801150750.0	116.29686	39.87873	91854.0	
6118.0	124.0	201801241114.0	116.29744	39.876861	122214.0	
6118.0	1103.0	201711031025.0	116.300942	39.877853	122326.0	
6118.0	1108.0	201711080834.0	116.300837	39.87931	101512.0	
6118.0	1110.0	201711100706.0	116.297277	39.877101	80858.0	
6118.0	1203.0	201712030952.0	116.299407	39.878591	114203.0	
6118.0	1204.0	201712040803.0	116.299245	39.87766	91322.0	
6118.0	1205.0	201712051027.0	116.297782	39.877015	111926.0	
6118.0	1209.0	201712090708.0	116.298572	39.87711	75440.0	
6118.0	1212.0	201712120909.0	116.29703	39.877063	100612.0	
6118.0	1215.0	201712151040.0	116.299237	39.877895	112858.0	
6119.0	112.0	201801120824.0	116.299217	39.877821	101509.0	
6119.0	117.0	201801170849.0	116.302355	39.877578	101439.0	
6119.0	127.0	201801270829.0	116.299098	39.878258	102129.0	
6119.0	1106.0	201711061004.0	116.299077	39.877488	105914.0	
6119.0	1202.0	201712020703.0	116.299298	39.877536	75157.0	
6119.0	1212.0	201712120938.0	116.299122	39.877281	103351.0	
6119.0	1213.0	201712130706.0	116.299248	39.877208	81555.0	
6119.0	1214.0	201712140804.0	116.299013	39.877981	90226.0	
6119.0	1218.0	201712180701.0	116.299223	39.877743	81235.0	
6119.0	1222.0	201712221034.0	116.29919	39.878051	113746.0	
6119.0	1228.0	201712280809.0	116.297273	39.876883	90450.0	
6119.0	1229.0	201712290701.0	116.299168	39.877406	75451.0	
6123.0	106.0	201801060702.0	116.299228	39.877516	74812.0	
6123.0	119.0	201801190905.0	116.29913	39.877861	100723.0	
6123.0	1103.0	201711030906.0	116.299107	39.877443	100651.0	
6123.0	1106.0	201711060931.0	116.299205	39.877666	103358.0	
6123.0	1108.0	201711081111.0	116.29715	39.876943	121029.0	
6123.0	1205.0	201712050702.0	116.299077	39.87843	81024.0	
6123.0	1213.0	201712131025.0	116.299268	39.87742	111908.0	
6123.0	1220.0	201712200702.0	116.299005	39.877838	80605.0	
6123.0	1222.0	201712221127.0	116.29752	39.876993	123601.0	
6123.0	1229.0	201712291024.0	116.299185	39.87716	112729.0	
6126.0	1203.0	201712031026.0	116.297152	39.876885	111702.0	
6126.0	1207.0	201712071128.0	116.297067	39.87915	122212.0	
6126.0	1210.0	201712101049.0	116.304479	39.885217	113726.0	
6126.0	1211.0	201712111016.0	116.296657	39.879845	110230.0	
6126.0	1224.0	201712240911.0	116.297305	39.876853	95055.0	
