5873.0	104.0	201801040902.0	116.30036	39.878731	91338.0	
5873.0	106.0	201801061042.0	116.298955	39.87805	105310.0	
5873.0	109.0	201801091024.0	116.29945	39.87658	102913.0	
5873.0	110.0	201801100900.0	116.299788	39.87859	94303.0	
5873.0	112.0	201801121019.0	116.30013	39.877735	113116.0	
5873.0	114.0	201801140810.0	116.299643	39.87922	82802.0	
5873.0	115.0	201801151023.0	116.299017	39.877978	102937.0	
5873.0	117.0	201801171015.0	116.296807	39.880545	101601.0	
5873.0	119.0	201801191104.0	116.299535	39.878015	112651.0	
5873.0	126.0	201801260935.0	116.299188	39.877973	94557.0	
5873.0	1103.0	201711030821.0	116.300797	39.87958	84901.0	
5873.0	1104.0	201711040804.0	116.299327	39.877586	81325.0	
5873.0	1106.0	201711060823.0	116.299762	39.878778	84947.0	
5873.0	1108.0	201711081046.0	116.299492	39.877075	104944.0	
5873.0	1110.0	201711101044.0	116.299205	39.877596	104915.0	
5873.0	1201.0	201712010839.0	116.298763	39.880415	84943.0	
5873.0	1202.0	201712020935.0	116.29929	39.877353	93937.0	
5873.0	1203.0	201712030908.0	116.298607	39.877083	91540.0	
5873.0	1206.0	201712061050.0	116.303842	39.883056	105132.0	
5873.0	1208.0	201712080754.0	116.298818	39.877875	81020.0	
5873.0	1212.0	201712120830.0	116.299083	39.879125	85004.0	
5873.0	1213.0	201712130757.0	116.299193	39.881146	81230.0	
5873.0	1219.0	201712190904.0	116.2992	39.877593	91059.0	
5873.0	1221.0	201712210704.0	116.299027	39.877733	72026.0	
5873.0	1222.0	201712220803.0	116.299367	39.878923	81109.0	
5873.0	1225.0	201712250929.0	116.29924	39.877536	93418.0	
5873.0	1227.0	201712271112.0	116.298978	39.877831	113413.0	
5873.0	1229.0	201712290807.0	116.297317	39.876741	80933.0	
5873.0	1230.0	201712301018.0	116.299228	39.877288	102250.0	
5873.0	1231.0	201712310835.0	116.2991	39.877433	165427.0	
5897.0	106.0	201801060910.0	116.299335	39.877256	91507.0	
5897.0	108.0	201801080935.0	116.299322	39.877328	94101.0	
5897.0	109.0	201801090807.0	116.299183	39.877503	81257.0	
5897.0	112.0	201801120932.0	116.29918	39.877885	94123.0	
5897.0	118.0	201801180827.0	116.297167	39.876956	83150.0	
5897.0	119.0	201801190826.0	116.297178	39.876938	83031.0	
5897.0	120.0	201801200704.0	116.299233	39.877456	71153.0	
5897.0	125.0	201801250705.0	116.299237	39.87739	71424.0	
5897.0	126.0	201801261125.0	116.297273	39.876956	112933.0	
5897.0	127.0	201801271045.0	116.30526	39.883442	104540.0	
5897.0	128.0	201801280848.0	116.300537	39.877256	94053.0	
5897.0	1101.0	201711010844.0	116.299213	39.877461	85225.0	
5897.0	1103.0	201711031101.0	116.298992	39.87823	110709.0	
5897.0	1110.0	201711100902.0	116.299307	39.877581	91017.0	
5897.0	1202.0	201712021039.0	116.299645	39.879746	111126.0	
5897.0	1204.0	201712040704.0	116.299155	39.878053	71108.0	
5897.0	1206.0	201712060805.0	116.299197	39.87782	81709.0	
5897.0	1207.0	201712070934.0	116.299217	39.877516	94318.0	
5897.0	1208.0	201712081005.0	116.29928	39.877808	101343.0	
5897.0	1209.0	201712091131.0	116.299252	39.877395	114138.0	
5897.0	1211.0	201712110911.0	116.299378	39.877351	93932.0	
5897.0	1212.0	201712121113.0	116.29923	39.877173	113501.0	
5897.0	1215.0	201712150802.0	116.2994	39.878573	81533.0	
5897.0	1216.0	201712161018.0	116.300075	39.877645	103402.0	
5897.0	1217.0	201712170804.0	116.299168	39.877643	81232.0	
5897.0	1218.0	201712181005.0	116.299327	39.877635	101122.0	
5897.0	1221.0	201712211109.0	116.297083	39.876805	111527.0	
5897.0	1224.0	201712241104.0	116.29912	39.87823	111453.0	
5897.0	1227.0	201712270952.0	116.299678	39.876213	101244.0	
5897.0	1229.0	201712291108.0	116.299038	39.877348	111214.0	
5897.0	1230.0	201712300750.0	116.300735	39.879093	95910.0	
5935.0	107.0	201801070805.0	116.297205	39.87704	81002.0	
5935.0	108.0	201801081008.0	116.297385	39.876715	100954.0	
5935.0	111.0	201801110808.0	116.298745	39.877206	81059.0	
5935.0	112.0	201801120805.0	116.299183	39.877545	81118.0	
5935.0	113.0	201801130902.0	116.299432	39.878381	91056.0	
5935.0	115.0	201801150827.0	116.29783	39.87698	83303.0	
5935.0	116.0	201801160706.0	116.297017	39.877086	70846.0	
5935.0	117.0	201801171124.0	116.29707	39.877273	112752.0	
5935.0	121.0	201801211107.0	116.297005	39.877333	111100.0	
5935.0	124.0	201801241026.0	116.29726	39.87728	102830.0	
5935.0	125.0	201801250824.0	116.298455	39.877163	82749.0	
5935.0	128.0	201801280746.0	116.299217	39.877296	75147.0	
5935.0	129.0	201801290904.0	116.299263	39.87781	91245.0	
5935.0	1103.0	201711031045.0	116.2966	39.877588	104854.0	
5935.0	1104.0	201711041146.0	116.297188	39.876965	114819.0	
5935.0	1107.0	201711071008.0	116.297233	39.877061	101139.0	
5935.0	1203.0	201712030938.0	116.297247	39.877018	94105.0	
5935.0	1224.0	201712240847.0	116.29727	39.877091	84948.0	
5935.0	1226.0	201712260846.0	116.296962	39.877048	85500.0	
5935.0	1227.0	201712270938.0	116.297093	39.877118	94143.0	
5935.0	1228.0	201712280909.0	116.297607	39.877021	91148.0	
5935.0	1230.0	201712300803.0	116.30065	39.877981	92827.0	
5935.0	1231.0	201712311048.0	116.298372	39.880168	104918.0	
5939.0	107.0	201801071314.0	116.299227	39.87743	131815.0	
5939.0	109.0	201801090932.0	116.299263	39.877516	93752.0	
5939.0	110.0	201801101110.0	116.29937	39.877336	113258.0	
5939.0	113.0	201801131041.0	116.299218	39.877123	104618.0	
5939.0	120.0	201801200723.0	116.30027	39.877793	82656.0	
5939.0	125.0	201801251005.0	116.300525	39.879041	102921.0	
5939.0	129.0	201801290744.0	116.29928	39.877283	74843.0	
5939.0	131.0	201801310744.0	116.299197	39.878185	75047.0	
5939.0	1103.0	201711030936.0	116.29715	39.876933	93936.0	
5939.0	1105.0	201711050727.0	116.300205	39.87948	81039.0	
5939.0	1107.0	201711071113.0	116.301235	39.877196	112925.0	
5939.0	1201.0	201712010802.0	116.299177	39.878226	80921.0	
5939.0	1204.0	201712041007.0	116.299212	39.877331	101134.0	
5939.0	1206.0	201712060940.0	116.3001	39.878993	101013.0	
5939.0	1207.0	201712070835.0	116.301077	39.877895	91654.0	
5939.0	1210.0	201712101010.0	116.297173	39.877033	101342.0	
5939.0	1214.0	201712140703.0	116.299182	39.878213	71131.0	
5939.0	1219.0	201712190947.0	116.299507	39.878631	104748.0	
5939.0	1221.0	201712210802.0	116.29921	39.877331	80753.0	
5939.0	1222.0	201712220703.0	116.299248	39.877423	71114.0	
5939.0	1226.0	201712261041.0	116.299278	39.877601	104631.0	
5939.0	1228.0	201712281043.0	116.296962	39.877108	104553.0	
5939.0	1230.0	201712300745.0	116.300687	39.877943	83756.0	
5939.0	1231.0	201712311107.0	116.297873	39.876915	111102.0	
5979.0	106.0	201801061010.0	116.297568	39.87688	101326.0	
5979.0	107.0	201801070908.0	116.297613	39.877133	91043.0	
5979.0	110.0	201801101005.0	116.299428	39.877748	101244.0	
5979.0	111.0	201801110909.0	116.298708	39.877193	91859.0	
5979.0	114.0	201801140743.0	116.299147	39.877491	74815.0	
5979.0	118.0	201801181027.0	116.296848	39.879468	102942.0	
5979.0	120.0	201801201010.0	116.297303	39.877146	101416.0	
5979.0	121.0	201801210916.0	116.299188	39.877548	92142.0	
5979.0	123.0	201801230905.0	116.299397	39.878335	91342.0	
5979.0	126.0	201801261024.0	116.299193	39.877336	103259.0	
5979.0	127.0	201801271123.0	116.299432	39.876661	112910.0	
5979.0	128.0	201801281022.0	116.298958	39.878361	102816.0	
5979.0	1101.0	201711010934.0	116.301112	39.879298	101319.0	
5979.0	1103.0	201711030914.0	116.30085	39.879275	101521.0	
5979.0	1107.0	201711070702.0	116.299145	39.87784	70815.0	
5979.0	1109.0	201711091008.0	116.301007	39.879166	104851.0	
5979.0	1110.0	201711100843.0	116.30116	39.878405	93856.0	
5979.0	1201.0	201712011025.0	116.297355	39.877181	102751.0	
5979.0	1203.0	201712031008.0	116.297077	39.87721	101215.0	
5979.0	1204.0	201712040845.0	116.298818	39.877181	85402.0	
5979.0	1206.0	201712060908.0	116.297197	39.877591	91122.0	
5979.0	1216.0	201712160808.0	116.29911	39.877436	81217.0	
5979.0	1218.0	201712180748.0	116.300842	39.879131	85007.0	
5979.0	1220.0	201712200910.0	116.297482	39.877083	91346.0	
5979.0	1225.0	201712250706.0	116.297278	39.876996	72146.0	
5979.0	1226.0	201712261128.0	116.29951	39.880763	113011.0	
5979.0	1228.0	201712280934.0	116.299292	39.877368	93822.0	
5979.0	1229.0	201712291807.0	116.29733	39.876931	181047.0	
5987.0	104.0	201801040806.0	116.299243	39.876981	81124.0	
5987.0	105.0	201801051023.0	116.299087	39.877296	102955.0	
5987.0	108.0	201801080807.0	116.298667	39.876985	81135.0	
5987.0	116.0	201801160937.0	116.298093	39.876788	93952.0	
5987.0	117.0	201801170742.0	116.299145	39.878191	74850.0	
5987.0	122.0	201801220822.0	116.299323	39.878511	82840.0	
5987.0	123.0	201801231005.0	116.299115	39.877425	101001.0	
5987.0	124.0	201801240905.0	116.299237	39.877693	91157.0	
5987.0	126.0	201801260905.0	116.29907	39.87822	91212.0	
5987.0	128.0	201801280702.0	116.299193	39.878258	71034.0	
5987.0	129.0	201801290703.0	116.299255	39.87743	70857.0	
5987.0	1101.0	201711010803.0	116.29933	39.877246	80750.0	
5987.0	1102.0	201711020903.0	116.299007	39.877963	91515.0	
5987.0	1104.0	201711041043.0	116.298972	39.877338	104650.0	
5987.0	1106.0	201711060843.0	116.299873	39.879508	91123.0	
5987.0	1107.0	201711070908.0	116.29717	39.877155	91306.0	
5987.0	1109.0	201711090804.0	116.299198	39.877503	81144.0	
5987.0	1110.0	201711100803.0	116.299247	39.877228	80835.0	
5987.0	1201.0	201712011102.0	116.299163	39.877788	111202.0	
5987.0	1205.0	201712050931.0	116.299258	39.877336	93730.0	
5987.0	1211.0	201712111042.0	116.299117	39.87787	104756.0	
5987.0	1213.0	201712131125.0	116.299132	39.877293	112913.0	
5987.0	1214.0	201712140936.0	116.299293	39.877405	94358.0	
5987.0	1215.0	201712150934.0	116.299003	39.877993	93959.0	
5987.0	1217.0	201712171108.0	116.299197	39.877318	111328.0	
5987.0	1218.0	201712181041.0	116.299118	39.877981	104633.0	
5987.0	1219.0	201712190804.0	116.299238	39.87768	81623.0	
5987.0	1220.0	201712201025.0	116.29715	39.876948	102726.0	
5987.0	1221.0	201712211123.0	116.299382	39.877106	112936.0	
5987.0	1222.0	201712221002.0	116.299203	39.87742	100819.0	
5987.0	1227.0	201712270658.0	116.2995	39.880313	71358.0	
5987.0	1228.0	201712281010.0	116.299087	39.878175	102254.0	
5987.0	1229.0	201712291125.0	116.298967	39.878096	113228.0	
5992.0	104.0	201801041106.0	116.299143	39.877095	111002.0	
5992.0	106.0	201801061110.0	116.299148	39.877503	113211.0	
5992.0	109.0	201801091039.0	116.300217	39.878911	105007.0	
5992.0	112.0	201801120817.0	116.299893	39.878003	85044.0	
5992.0	114.0	201801140908.0	116.298562	39.876868	91142.0	
5992.0	121.0	201801210745.0	116.298353	39.880328	74939.0	
5992.0	123.0	201801230930.0	116.299227	39.878443	104321.0	
5992.0	126.0	201801260822.0	116.299198	39.877991	82901.0	
5992.0	127.0	201801271000.0	116.29933	39.878145	100601.0	
5992.0	128.0	201801281124.0	116.2973	39.873743	113206.0	
5992.0	1101.0	201711010934.0	116.29844	39.877058	93737.0	
5992.0	1105.0	201711050700.0	116.299298	39.877513	70554.0	
5992.0	1106.0	201711060800.0	116.299337	39.87775	80739.0	
5992.0	1108.0	201711080703.0	116.299147	39.877358	70939.0	
5992.0	1207.0	201712070803.0	116.299282	39.877543	81039.0	
5992.0	1211.0	201712110842.0	116.299082	39.877533	85203.0	
5992.0	1214.0	201712140850.0	116.29918	39.87743	85733.0	
5992.0	1215.0	201712150703.0	116.299347	39.877715	71117.0	
5992.0	1217.0	201712171122.0	116.2991	39.877235	112705.0	
5992.0	1220.0	201712201004.0	116.299477	39.87748	100850.0	
5992.0	1223.0	201712231006.0	116.299187	39.878041	101803.0	
5992.0	1224.0	201712241022.0	116.299072	39.878298	102826.0	
5992.0	1226.0	201712261005.0	116.299205	39.877655	101521.0	
5992.0	1227.0	201712270823.0	116.298788	39.879288	85436.0	
5995.0	108.0	201801081107.0	116.298488	39.878888	114900.0	
5995.0	110.0	201801101048.0	116.299673	39.880981	104905.0	
5995.0	114.0	201801141011.0	116.299338	39.880886	101219.0	
5995.0	118.0	201801181045.0	116.299333	39.877368	105007.0	
5995.0	119.0	201801191027.0	116.297632	39.877043	102924.0	
5995.0	120.0	201801201029.0	116.299993	39.878433	104916.0	
5995.0	124.0	201801240743.0	116.299183	39.877373	75042.0	
5995.0	125.0	201801251112.0	116.299033	39.877793	113052.0	
5995.0	127.0	201801270904.0	116.299033	39.878296	91101.0	
5995.0	129.0	201801290826.0	116.299313	39.877118	83131.0	
5995.0	1105.0	201711051006.0	116.298388	39.874963	101334.0	
5995.0	1107.0	201711070850.0	116.299947	39.877796	104817.0	
5995.0	1109.0	201711090706.0	116.29824	39.880346	70808.0	
5995.0	1206.0	201712060938.0	116.29757	39.87682	94138.0	
5995.0	1207.0	201712071107.0	116.2972	39.876895	111018.0	
5995.0	1209.0	201712091045.0	116.299387	39.877271	105211.0	
5995.0	1211.0	201712111001.0	116.299572	39.880378	103042.0	
5995.0	1213.0	201712130858.0	116.299898	39.87949	91117.0	
5995.0	1219.0	201712191103.0	116.29987	39.87928	113034.0	
5995.0	1226.0	201712260758.0	116.29991	39.87908	81326.0	
5995.0	1229.0	201712290954.0	116.300265	39.877478	101021.0	
5995.0	1230.0	201712300806.0	116.299215	39.878715	85153.0	
6108.0	110.0	201801100755.0	116.300792	39.87669	81302.0	
6108.0	111.0	201801110934.0	116.299325	39.877643	93949.0	
6108.0	117.0	201801170751.0	116.30168	39.877516	83306.0	
6108.0	118.0	201801180948.0	116.298983	39.878703	100911.0	
6108.0	120.0	201801200928.0	116.300375	39.879758	93532.0	
6108.0	1101.0	201711011055.0	116.298903	39.882501	113403.0	
6108.0	1104.0	201711041101.0	116.299858	39.880536	113017.0	
6108.0	1201.0	201712011003.0	116.299243	39.877586	100926.0	
6108.0	1205.0	201712050905.0	116.299463	39.87894	91244.0	
6108.0	1206.0	201712060703.0	116.299007	39.878243	71046.0	
6108.0	1207.0	201712071024.0	116.299135	39.87728	103114.0	
6108.0	1209.0	201712090753.0	116.29952	39.87981	81030.0	
6108.0	1210.0	201712100934.0	116.299205	39.877395	93900.0	
6108.0	1217.0	201712170949.0	116.299185	39.87769	101445.0	
6108.0	1220.0	201712201134.0	116.29924	39.87693	115129.0	
6108.0	1228.0	201712281109.0	116.299157	39.8797	113346.0	
6108.0	1229.0	201712290936.0	116.300515	39.878958	104653.0	
6108.0	1230.0	201712300809.0	116.299397	39.87677	81248.0	
6108.0	1231.0	201712311025.0	116.296993	39.871701	103059.0	
6110.0	105.0	201801050933.0	116.299148	39.877778	94114.0	
6110.0	112.0	201801121005.0	116.299015	39.877913	101308.0	
6110.0	114.0	201801140702.0	116.299153	39.877793	71039.0	
6110.0	115.0	201801150910.0	116.297167	39.876886	91346.0	
6110.0	118.0	201801180935.0	116.299367	39.877328	93923.0	
6110.0	119.0	201801190702.0	116.299263	39.877505	70947.0	
6110.0	120.0	201801200742.0	116.299327	39.877533	74926.0	
6110.0	121.0	201801210944.0	116.29917	39.877798	95143.0	
6110.0	127.0	201801270824.0	116.299008	39.877121	82740.0	
6110.0	128.0	201801281012.0	116.29922	39.876565	101710.0	
6110.0	131.0	201801310906.0	116.299077	39.878005	91234.0	
6110.0	1101.0	201711010700.0	116.299057	39.87831	70504.0	
6110.0	1103.0	201711030704.0	116.299048	39.877185	70857.0	
6110.0	1105.0	201711051115.0	116.299252	39.877563	113101.0	
6110.0	1106.0	201711060702.0	116.299195	39.877728	70808.0	
6110.0	1108.0	201711080804.0	116.29905	39.878211	81032.0	
6110.0	1109.0	201711091001.0	116.2992	39.877741	100802.0	
6110.0	1110.0	201711100842.0	116.29928	39.877186	84644.0	
6110.0	1201.0	201712010702.0	116.29909	39.877883	71004.0	
6110.0	1202.0	201712021130.0	116.299117	39.877818	113829.0	
6110.0	1204.0	201712040933.0	116.299262	39.877726	93917.0	
6110.0	1205.0	201712051042.0	116.29927	39.877688	104936.0	
6110.0	1207.0	201712071044.0	116.299123	39.877771	104918.0	
6110.0	1210.0	201712100845.0	116.299225	39.877238	84924.0	
6110.0	1211.0	201712110903.0	116.298982	39.878063	91138.0	
6110.0	1214.0	201712140904.0	116.299075	39.877916	91147.0	
6110.0	1217.0	201712170705.0	116.299103	39.877648	71117.0	
6110.0	1218.0	201712181124.0	116.29763	39.877028	112901.0	
6110.0	1220.0	201712200937.0	116.297383	39.877068	94044.0	
6110.0	1221.0	201712211046.0	116.299228	39.877408	105222.0	
6110.0	1222.0	201712220814.0	116.299438	39.877453	93955.0	
6110.0	1223.0	201712231044.0	116.299158	39.877738	104931.0	
6110.0	1224.0	201712240801.0	116.29907	39.878058	80648.0	
6110.0	1226.0	201712260702.0	116.299132	39.877503	70913.0	
6110.0	1228.0	201712280841.0	116.299252	39.877501	84631.0	
6110.0	1229.0	201712290907.0	116.29713	39.877018	90918.0	
6111.0	104.0	201801040952.0	116.292065	39.879151	105002.0	
6111.0	105.0	201801051004.0	116.296845	39.879796	100553.0	
6111.0	109.0	201801091116.0	116.296958	39.876336	113332.0	
6111.0	112.0	201801121047.0	116.297398	39.871621	105223.0	
6111.0	115.0	201801151006.0	116.299157	39.877658	101252.0	
6111.0	122.0	201801220552.0	116.295013	39.879738	70834.0	
6111.0	124.0	201801240854.0	116.299468	39.877575	94135.0	
6111.0	125.0	201801250747.0	116.296105	39.877111	75202.0	
6111.0	128.0	201801281031.0	116.300184	39.87953	105301.0	
6111.0	129.0	201801291029.0	116.302812	39.882588	103049.0	
6111.0	1106.0	201711061109.0	116.299147	39.8777	113323.0	
6111.0	1201.0	201712010818.0	116.3011	39.878803	90743.0	
6111.0	1205.0	201712051056.0	116.299212	39.877855	112840.0	
6111.0	1209.0	201712091110.0	116.298573	39.87697	111300.0	
6111.0	1211.0	201712110808.0	116.29841	39.877123	81338.0	
6111.0	1213.0	201712130934.0	116.299498	39.877506	94357.0	
6111.0	1214.0	201712141000.0	116.299642	39.879461	101118.0	
6111.0	1215.0	201712150725.0	116.295067	39.879881	85457.0	
6111.0	1219.0	201712190705.0	116.299065	39.880818	70608.0	
6111.0	1223.0	201712230939.0	116.297133	39.877053	94257.0	
6111.0	1227.0	201712271125.0	116.355765	40.011772	104922.0	
6111.0	1228.0	201712280936.0	116.294953	39.879671	102925.0	
6111.0	1229.0	201712290717.0	116.294963	39.879675	84741.0	
6115.0	104.0	201801041106.0	116.298993	39.879038	112750.0	
6115.0	107.0	201801070848.0	116.301	39.879176	93948.0	
6115.0	113.0	201801131007.0	116.29858	39.877765	101111.0	
6115.0	116.0	201801160851.0	116.2996	39.881013	91725.0	
6115.0	119.0	201801190917.0	116.29934	39.877393	93904.0	
6115.0	120.0	201801201119.0	116.299282	39.877111	112711.0	
6115.0	122.0	201801220936.0	116.29823	39.877866	93913.0	
6115.0	123.0	201801230934.0	116.299237	39.878061	94305.0	
6115.0	124.0	201801241007.0	116.299163	39.877991	101319.0	
6115.0	125.0	201801251044.0	116.299115	39.878051	104926.0	
6115.0	126.0	201801260924.0	116.30023	39.87782	104808.0	
6115.0	129.0	201801290945.0	116.30115	39.878426	101214.0	
6115.0	1102.0	201711021047.0	116.299365	39.877	104927.0	
6115.0	1107.0	201711070802.0	116.299243	39.877531	80855.0	
6115.0	1108.0	201711081001.0	116.299282	39.877613	100744.0	
6115.0	1110.0	201711100952.0	116.298873	39.880776	101332.0	
6115.0	1204.0	201712040907.0	116.2992	39.877888	91412.0	
6115.0	1206.0	201712061113.0	116.299267	39.877693	113252.0	
6115.0	1208.0	201712081024.0	116.299238	39.879888	104946.0	
6115.0	1209.0	201712091006.0	116.299232	39.877736	101204.0	
6115.0	1210.0	201712101110.0	116.299912	39.87774	113012.0	
6115.0	1212.0	201712120954.0	116.300737	39.877331	101241.0	
6115.0	1213.0	201712130842.0	116.299217	39.877918	85314.0	
6115.0	1218.0	201712180937.0	116.298242	39.876935	94041.0	
6115.0	1220.0	201712201026.0	116.298893	39.879375	104517.0	
6115.0	1221.0	201712210912.0	116.299755	39.879353	93241.0	
6115.0	1223.0	201712231110.0	116.29896	39.877983	113151.0	
6115.0	1225.0	201712250803.0	116.299242	39.877728	81106.0	
6115.0	1229.0	201712290822.0	116.299385	39.877951	84908.0	
6115.0	1231.0	201712310912.0	116.297637	39.876925	91437.0	
6118.0	107.0	201801070704.0	116.299178	39.877113	70821.0	
6118.0	110.0	201801100903.0	116.29931	39.878321	91619.0	
6118.0	113.0	201801131108.0	116.297467	39.876898	111805.0	
6118.0	115.0	201801150750.0	116.29686	39.87873	80323.0	
6118.0	116.0	201801161123.0	116.297217	39.876788	112528.0	
6118.0	118.0	201801180746.0	116.298943	39.877095	74940.0	
6118.0	119.0	201801191107.0	116.29769	39.876785	111049.0	
6118.0	121.0	201801210702.0	116.299247	39.877636	70814.0	
6118.0	124.0	201801241114.0	116.29744	39.876861	113715.0	
6118.0	126.0	201801260709.0	116.303335	39.882846	71018.0	
6118.0	129.0	201801290939.0	116.297238	39.876941	94210.0	
6118.0	1101.0	201711011042.0	116.299782	39.876721	104658.0	
6118.0	1102.0	201711020807.0	116.298367	39.876911	81317.0	
6118.0	1108.0	201711080834.0	116.300837	39.87931	91806.0	
6118.0	1110.0	201711100706.0	116.297277	39.877101	70938.0	
6118.0	1202.0	201712021039.0	116.297232	39.876936	104143.0	
6118.0	1203.0	201712030952.0	116.299407	39.878591	105145.0	
6118.0	1204.0	201712040803.0	116.299245	39.87766	81130.0	
6118.0	1205.0	201712051027.0	116.297782	39.877015	103109.0	
6118.0	1207.0	201712071008.0	116.298243	39.877118	101249.0	
6118.0	1208.0	201712080826.0	116.299585	39.878295	84655.0	
6118.0	1209.0	201712090708.0	116.298572	39.87711	71413.0	
6118.0	1210.0	201712100907.0	116.299238	39.877816	91622.0	
6118.0	1220.0	201712200810.0	116.297793	39.87701	81453.0	
6118.0	1221.0	201712211027.0	116.297537	39.876936	103045.0	
6118.0	1223.0	201712230705.0	116.298505	39.877061	70837.0	
6118.0	1225.0	201712250909.0	116.297005	39.877123	91117.0	
6118.0	1228.0	201712280701.0	116.299293	39.877476	70715.0	
6118.0	1230.0	201712300905.0	116.299878	39.878558	100532.0	
6118.0	1231.0	201712310844.0	116.297327	39.876955	85245.0	
6119.0	106.0	201801060803.0	116.299257	39.877466	81026.0	
6119.0	109.0	201801091009.0	116.297248	39.876845	101150.0	
6119.0	111.0	201801111042.0	116.299143	39.877833	104729.0	
6119.0	112.0	201801120824.0	116.299217	39.877821	91312.0	
6119.0	117.0	201801170849.0	116.302355	39.877578	91503.0	
6119.0	119.0	201801190743.0	116.299323	39.877305	74919.0	
6119.0	120.0	201801201102.0	116.299217	39.877638	110843.0	
6119.0	122.0	201801221109.0	116.298307	39.877336	125144.0	
6119.0	124.0	201801240824.0	116.299272	39.877241	82927.0	
6119.0	125.0	201801251005.0	116.299158	39.878043	101232.0	
6119.0	127.0	201801270829.0	116.299098	39.878258	93719.0	
6119.0	131.0	201801311114.0	116.296935	39.8763	113249.0	
6119.0	1102.0	201711020936.0	116.298378	39.877235	93858.0	
6119.0	1103.0	201711030802.0	116.299087	39.877963	81044.0	
6119.0	1104.0	201711040910.0	116.298255	39.876608	91626.0	
6119.0	1107.0	201711070843.0	116.298437	39.877151	84547.0	
6119.0	1109.0	201711090843.0	116.297355	39.876936	84638.0	
6119.0	1202.0	201712020703.0	116.299298	39.877536	70934.0	
6119.0	1205.0	201712050803.0	116.299133	39.877888	81250.0	
6119.0	1206.0	201712061026.0	116.298383	39.877038	103051.0	
6119.0	1212.0	201712120938.0	116.299122	39.877281	94444.0	
6119.0	1213.0	201712130706.0	116.299248	39.877208	71903.0	
6119.0	1214.0	201712140804.0	116.299013	39.877981	81155.0	
6119.0	1215.0	201712151024.0	116.297388	39.877195	102649.0	
6119.0	1216.0	201712160931.0	116.299168	39.877483	93413.0	
6119.0	1217.0	201712170932.0	116.299067	39.878341	93940.0	
6119.0	1218.0	201712180701.0	116.299223	39.877743	70650.0	
6119.0	1219.0	201712191029.0	116.299247	39.877388	103317.0	
6119.0	1220.0	201712201108.0	116.297235	39.87686	111127.0	
6119.0	1222.0	201712221034.0	116.29919	39.878051	104243.0	
6119.0	1224.0	201712241001.0	116.299277	39.87749	100627.0	
6119.0	1225.0	201712250844.0	116.299267	39.877385	85548.0	
6119.0	1226.0	201712260908.0	116.299275	39.877335	91229.0	
6119.0	1228.0	201712280809.0	116.297273	39.876883	81314.0	
6119.0	1229.0	201712290701.0	116.299168	39.877406	70809.0	
6123.0	106.0	201801060702.0	116.299228	39.877516	70713.0	
6123.0	107.0	201801071120.0	116.298963	39.878083	112626.0	
6123.0	108.0	201801080902.0	116.29917	39.87803	91401.0	
6123.0	113.0	201801130822.0	116.299253	39.877725	82807.0	
6123.0	114.0	201801141043.0	116.299112	39.877676	104845.0	
6123.0	116.0	201801161002.0	116.299058	39.878093	100929.0	
6123.0	119.0	201801190905.0	116.29913	39.877861	91503.0	
6123.0	122.0	201801221048.0	116.299192	39.87766	105453.0	
6123.0	124.0	201801241045.0	116.299193	39.877878	105045.0	
6123.0	125.0	201801250934.0	116.29905	39.877845	94310.0	
6123.0	126.0	201801260742.0	116.299202	39.877813	75001.0	
6123.0	127.0	201801271026.0	116.299463	39.877451	111147.0	
6123.0	131.0	201801310717.0	116.299213	39.878223	82857.0	
6123.0	1102.0	201711020702.0	116.299223	39.877563	70916.0	
6123.0	1103.0	201711030906.0	116.299107	39.877443	91327.0	
6123.0	1106.0	201711060931.0	116.299205	39.877666	93649.0	
6123.0	1201.0	201712010932.0	116.299118	39.877741	94903.0	
6123.0	1202.0	201712020844.0	116.299317	39.877843	91153.0	
6123.0	1205.0	201712050702.0	116.299077	39.87843	70911.0	
6123.0	1207.0	201712070817.0	116.29923	39.877953	84805.0	
6123.0	1208.0	201712080935.0	116.299227	39.877295	94102.0	
6123.0	1212.0	201712120803.0	116.29897	39.878043	81031.0	
6123.0	1213.0	201712131025.0	116.299268	39.87742	103054.0	
6123.0	1215.0	201712151013.0	116.296963	39.877043	101651.0	
6123.0	1216.0	201712160819.0	116.29984	39.87764	91637.0	
6123.0	1218.0	201712180904.0	116.299218	39.877965	91318.0	
6123.0	1220.0	201712200702.0	116.299005	39.877838	70742.0	
6123.0	1221.0	201712210841.0	116.299148	39.877398	84844.0	
6123.0	1222.0	201712221127.0	116.29752	39.876993	113216.0	
6123.0	1224.0	201712240936.0	116.298603	39.877018	93933.0	
6123.0	1226.0	201712261104.0	116.299045	39.876736	110859.0	
6123.0	1229.0	201712291024.0	116.299185	39.87716	102939.0	
6126.0	1202.0	201712020805.0	116.299258	39.877655	81259.0	
6126.0	1203.0	201712031026.0	116.297152	39.876885	102944.0	
6126.0	1205.0	201712051017.0	116.298587	39.879216	101834.0	
6126.0	1206.0	201712060851.0	116.297467	39.873063	85721.0	
6126.0	1207.0	201712071128.0	116.297067	39.87915	113217.0	
6126.0	1210.0	201712101049.0	116.304479	39.885217	105000.0	
6126.0	1211.0	201712111016.0	116.296657	39.879845	101835.0	
6126.0	1218.0	201712180819.0	116.304547	39.88522	82013.0	
6126.0	1220.0	201712200846.0	116.297553	39.87371	84950.0	
6126.0	1221.0	201712211005.0	116.296487	39.879315	100810.0	
6126.0	1222.0	201712220848.0	116.297413	39.874711	85244.0	
6126.0	1223.0	201712230811.0	116.298815	39.880411	81255.0	
6126.0	1227.0	201712270728.0	116.300975	39.879336	81414.0	
6126.0	1230.0	201712300753.0	116.28873	39.882081	93827.0	
