5873.0	110.0	201801100900.0	116.299788	39.87859	100444.0	
5873.0	112.0	201801121019.0	116.30013	39.877735	114810.0	
5873.0	114.0	201801140810.0	116.299643	39.87922	83915.0	
5873.0	120.0	201801200902.0	116.300485	39.877085	92542.0	
5873.0	126.0	201801260935.0	116.299188	39.877973	101331.0	
5873.0	127.0	201801270730.0	116.300092	39.877411	80536.0	
5873.0	129.0	201801291056.0	116.29909	39.877203	111355.0	
5873.0	131.0	201801311023.0	116.299285	39.878426	104704.0	
5873.0	1104.0	201711040804.0	116.299327	39.877586	83030.0	
5873.0	1224.0	201712240654.0	116.299092	39.879523	72421.0	
5873.0	1229.0	201712290807.0	116.297317	39.876741	83114.0	
5897.0	109.0	201801090807.0	116.299183	39.877503	83532.0	
5897.0	118.0	201801180827.0	116.297167	39.876956	85132.0	
5897.0	123.0	201801230954.0	116.29914	39.877941	112853.0	
5897.0	1105.0	201711050905.0	116.299277	39.877665	92416.0	
5897.0	1208.0	201712081005.0	116.29928	39.877808	103521.0	
5897.0	1209.0	201712091131.0	116.299252	39.877395	120328.0	
5897.0	1212.0	201712121113.0	116.29923	39.877173	115021.0	
5897.0	1215.0	201712150802.0	116.2994	39.878573	84407.0	
5897.0	1217.0	201712170804.0	116.299168	39.877643	82553.0	
5897.0	1219.0	201712190841.0	116.299255	39.87714	91237.0	
5897.0	1221.0	201712211109.0	116.297083	39.876805	113405.0	
5897.0	1224.0	201712241104.0	116.29912	39.87823	112853.0	
5897.0	1227.0	201712270952.0	116.299678	39.876213	103001.0	
5897.0	1229.0	201712291108.0	116.299038	39.877348	112452.0	
5897.0	1231.0	201712310803.0	116.299177	39.877848	82226.0	
5935.0	105.0	201801051108.0	116.297062	39.877233	112438.0	
5935.0	108.0	201801081008.0	116.297385	39.876715	103149.0	
5935.0	111.0	201801110808.0	116.298745	39.877206	83452.0	
5935.0	112.0	201801120805.0	116.299183	39.877545	83915.0	
5935.0	117.0	201801171124.0	116.29707	39.877273	114058.0	
5935.0	127.0	201801270702.0	116.299197	39.877565	71841.0	
5935.0	1210.0	201712101108.0	116.297307	39.87698	112404.0	
5935.0	1224.0	201712240847.0	116.29727	39.877091	90143.0	
5935.0	1228.0	201712280909.0	116.297607	39.877021	93302.0	
5939.0	118.0	201801180907.0	116.299172	39.87737	93252.0	
5939.0	1107.0	201711071113.0	116.301235	39.877196	114146.0	
5939.0	1203.0	201712030844.0	116.299275	39.877826	90049.0	
5939.0	1211.0	201712111122.0	116.299267	39.877593	113956.0	
5939.0	1215.0	201712151105.0	116.296907	39.877328	112732.0	
5939.0	1222.0	201712220703.0	116.299248	39.877423	73758.0	
5939.0	1223.0	201712230907.0	116.297278	39.876963	92450.0	
5939.0	1229.0	201712290936.0	116.299263	39.877445	101122.0	
5979.0	104.0	201801041006.0	116.296793	39.877505	102533.0	
5979.0	110.0	201801101005.0	116.299428	39.877748	103023.0	
5979.0	118.0	201801181027.0	116.296848	39.879468	105153.0	
5979.0	120.0	201801201010.0	116.297303	39.877146	103341.0	
5979.0	121.0	201801210916.0	116.299188	39.877548	93239.0	
5979.0	123.0	201801230905.0	116.299397	39.878335	93729.0	
5979.0	127.0	201801271123.0	116.299432	39.876661	114852.0	
5979.0	1110.0	201711100843.0	116.30116	39.878405	100746.0	
5979.0	1204.0	201712040845.0	116.298818	39.877181	92020.0	
5979.0	1206.0	201712060908.0	116.297197	39.877591	94255.0	
5979.0	1211.0	201712111112.0	116.297442	39.876706	113212.0	
5979.0	1214.0	201712141028.0	116.30098	39.878943	114528.0	
5979.0	1219.0	201712191009.0	116.297022	39.877045	102643.0	
5979.0	1220.0	201712200910.0	116.297482	39.877083	94249.0	
5979.0	1226.0	201712261128.0	116.29951	39.880763	115149.0	
5979.0	1228.0	201712280934.0	116.299292	39.877368	100238.0	
5987.0	116.0	201801160937.0	116.298093	39.876788	100632.0	
5987.0	122.0	201801220822.0	116.299323	39.878511	85436.0	
5987.0	123.0	201801231005.0	116.299115	39.877425	103155.0	
5987.0	1110.0	201711100803.0	116.299247	39.877228	83556.0	
5987.0	1201.0	201712011102.0	116.299163	39.877788	112917.0	
5987.0	1203.0	201712030805.0	116.298992	39.877125	82250.0	
5987.0	1205.0	201712050931.0	116.299258	39.877336	95911.0	
5987.0	1214.0	201712140936.0	116.299293	39.877405	100813.0	
5987.0	1215.0	201712150934.0	116.299003	39.877993	100254.0	
5987.0	1217.0	201712171108.0	116.299197	39.877318	112615.0	
5987.0	1227.0	201712270658.0	116.2995	39.880313	73853.0	
5987.0	1230.0	201712300749.0	116.299167	39.87764	80551.0	
5987.0	1231.0	201712310932.0	116.299162	39.877805	95219.0	
5992.0	104.0	201801041106.0	116.299143	39.877095	112318.0	
5992.0	106.0	201801061110.0	116.299148	39.877503	115041.0	
5992.0	113.0	201801130742.0	116.299252	39.877331	75806.0	
5992.0	114.0	201801140908.0	116.298562	39.876868	92217.0	
5992.0	117.0	201801170819.0	116.300575	39.877803	100441.0	
5992.0	122.0	201801220908.0	116.299285	39.877671	94110.0	
5992.0	126.0	201801260822.0	116.299198	39.877991	85633.0	
5992.0	127.0	201801271000.0	116.29933	39.878145	102335.0	
5992.0	1105.0	201711050700.0	116.299298	39.877513	71502.0	
5992.0	1108.0	201711080703.0	116.299147	39.877358	73456.0	
5992.0	1203.0	201712030641.0	116.299733	39.877971	71917.0	
5992.0	1208.0	201712081108.0	116.297043	39.876936	112619.0	
5992.0	1216.0	201712160844.0	116.299277	39.877205	90340.0	
5992.0	1217.0	201712171122.0	116.2991	39.877235	113905.0	
5992.0	1226.0	201712261005.0	116.299205	39.877655	103321.0	
5995.0	110.0	201801101048.0	116.299673	39.880981	110450.0	
5995.0	122.0	201801221400.0	116.297117	39.876988	143851.0	
5995.0	125.0	201801251112.0	116.299033	39.877793	114831.0	
5995.0	1107.0	201711070850.0	116.299947	39.877796	110533.0	
5995.0	1109.0	201711090706.0	116.29824	39.880346	73429.0	
5995.0	1201.0	201712011126.0	116.30042	39.881528	114407.0	
5995.0	1204.0	201712041109.0	116.299313	39.878246	114547.0	
5995.0	1206.0	201712060938.0	116.29757	39.87682	100231.0	
5995.0	1213.0	201712130858.0	116.299898	39.87949	93837.0	
5995.0	1215.0	201712151036.0	116.299662	39.877341	115038.0	
5995.0	1226.0	201712260758.0	116.29991	39.87908	84016.0	
5995.0	1229.0	201712290954.0	116.300265	39.877478	103900.0	
5995.0	1230.0	201712300806.0	116.299215	39.878715	90516.0	
6108.0	111.0	201801110934.0	116.299325	39.877643	100600.0	
6108.0	120.0	201801200928.0	116.300375	39.879758	95022.0	
6108.0	131.0	201801310929.0	116.300515	39.877861	110702.0	
6108.0	1202.0	201712020823.0	116.298668	39.880241	90517.0	
6108.0	1205.0	201712050905.0	116.299463	39.87894	93741.0	
6108.0	1207.0	201712071024.0	116.299135	39.87728	105326.0	
6108.0	1212.0	201712121048.0	116.297043	39.877171	111340.0	
6108.0	1216.0	201712160758.0	116.30316	39.877568	84553.0	
6108.0	1220.0	201712201134.0	116.29924	39.87693	120134.0	
6108.0	1223.0	201712231021.0	116.299158	39.878341	104015.0	
6110.0	105.0	201801050933.0	116.299148	39.877778	100231.0	
6110.0	107.0	201801071105.0	116.298948	39.877915	112125.0	
6110.0	114.0	201801140702.0	116.299153	39.877793	72010.0	
6110.0	118.0	201801180935.0	116.299367	39.877328	100223.0	
6110.0	127.0	201801270824.0	116.299008	39.877121	84045.0	
6110.0	128.0	201801281012.0	116.29922	39.876565	103156.0	
6110.0	1101.0	201711010700.0	116.299057	39.87831	72924.0	
6110.0	1108.0	201711080804.0	116.29905	39.878211	84001.0	
6110.0	1204.0	201712040933.0	116.299262	39.877726	100341.0	
6110.0	1205.0	201712051042.0	116.29927	39.877688	110426.0	
6110.0	1207.0	201712071044.0	116.299123	39.877771	111004.0	
6110.0	1220.0	201712200937.0	116.297383	39.877068	100300.0	
6110.0	1223.0	201712231044.0	116.299158	39.877738	110852.0	
6110.0	1229.0	201712290907.0	116.29713	39.877018	92939.0	
6110.0	1230.0	201712300912.0	116.299237	39.877468	92902.0	
6111.0	115.0	201801151006.0	116.299157	39.877658	103444.0	
6111.0	119.0	201801191055.0	116.304207	39.890095	111207.0	
6111.0	123.0	201801231004.0	116.298715	39.87938	104909.0	
6111.0	124.0	201801240854.0	116.299468	39.877575	101008.0	
6111.0	128.0	201801281031.0	116.300184	39.87953	110725.0	
6111.0	1201.0	201712010818.0	116.3011	39.878803	94243.0	
6111.0	1211.0	201712110808.0	116.29841	39.877123	84404.0	
6111.0	1215.0	201712150725.0	116.295067	39.879881	92544.0	
6111.0	1222.0	201712221046.0	116.298557	39.877618	110742.0	
6111.0	1228.0	201712280936.0	116.294953	39.879671	105152.0	
6115.0	111.0	201801111014.0	116.298585	39.879956	110540.0	
6115.0	120.0	201801201119.0	116.299282	39.877111	114346.0	
6115.0	122.0	201801220936.0	116.29823	39.877866	100439.0	
6115.0	123.0	201801230934.0	116.299237	39.878061	100608.0	
6115.0	124.0	201801241007.0	116.299163	39.877991	103711.0	
6115.0	128.0	201801280823.0	116.299518	39.877521	84009.0	
6115.0	129.0	201801290945.0	116.30115	39.878426	103116.0	
6115.0	131.0	201801311122.0	116.299002	39.877616	125356.0	
6115.0	1110.0	201711100952.0	116.298873	39.880776	103856.0	
6115.0	1206.0	201712061113.0	116.299267	39.877693	114638.0	
6115.0	1210.0	201712101110.0	116.299912	39.87774	114206.0	
6115.0	1215.0	201712150905.0	116.299177	39.878063	93945.0	
6115.0	1226.0	201712261022.0	116.299107	39.878015	104728.0	
6118.0	113.0	201801131108.0	116.297467	39.876898	113405.0	
6118.0	115.0	201801150750.0	116.29686	39.87873	83057.0	
6118.0	126.0	201801260709.0	116.303335	39.882846	72622.0	
6118.0	129.0	201801290939.0	116.297238	39.876941	100410.0	
6118.0	1101.0	201711011042.0	116.299782	39.876721	110325.0	
6118.0	1103.0	201711031025.0	116.300942	39.877853	114653.0	
6118.0	1108.0	201711080834.0	116.300837	39.87931	94302.0	
6118.0	1202.0	201712021039.0	116.297232	39.876936	105740.0	
6118.0	1205.0	201712051027.0	116.297782	39.877015	104649.0	
6118.0	1207.0	201712071008.0	116.298243	39.877118	103419.0	
6118.0	1208.0	201712080826.0	116.299585	39.878295	91146.0	
6118.0	1209.0	201712090708.0	116.298572	39.87711	72345.0	
6118.0	1212.0	201712120909.0	116.29703	39.877063	93547.0	
6118.0	1218.0	201712181105.0	116.297435	39.87695	112456.0	
6118.0	1223.0	201712230705.0	116.298505	39.877061	72024.0	
6118.0	1225.0	201712250909.0	116.297005	39.877123	93245.0	
6118.0	1230.0	201712300905.0	116.299878	39.878558	101848.0	
6118.0	1231.0	201712310844.0	116.297327	39.876955	90319.0	
6119.0	109.0	201801091009.0	116.297248	39.876845	102901.0	
6119.0	117.0	201801170849.0	116.302355	39.877578	93525.0	
6119.0	122.0	201801221109.0	116.298307	39.877336	130240.0	
6119.0	128.0	201801280905.0	116.299135	39.878091	92843.0	
6119.0	1107.0	201711070843.0	116.298437	39.877151	92942.0	
6119.0	1204.0	201712041046.0	116.299292	39.877168	110548.0	
6119.0	1205.0	201712050803.0	116.299133	39.877888	84334.0	
6119.0	1213.0	201712130706.0	116.299248	39.877208	74346.0	
6119.0	1214.0	201712140804.0	116.299013	39.877981	83438.0	
6119.0	1217.0	201712170932.0	116.299067	39.878341	95222.0	
6119.0	1219.0	201712191029.0	116.299247	39.877388	105152.0	
6119.0	1230.0	201712300705.0	116.299085	39.877741	72132.0	
6123.0	106.0	201801060702.0	116.299228	39.877516	72001.0	
6123.0	108.0	201801080902.0	116.29917	39.87803	93632.0	
6123.0	111.0	201801111111.0	116.297528	39.876996	114307.0	
6123.0	116.0	201801161002.0	116.299058	39.878093	103123.0	
6123.0	119.0	201801190905.0	116.29913	39.877861	94107.0	
6123.0	122.0	201801221048.0	116.299192	39.87766	110741.0	
6123.0	127.0	201801271026.0	116.299463	39.877451	113051.0	
6123.0	131.0	201801310717.0	116.299213	39.878223	85409.0	
6123.0	1207.0	201712070817.0	116.29923	39.877953	91139.0	
6123.0	1221.0	201712210841.0	116.299148	39.877398	90827.0	
6123.0	1229.0	201712291024.0	116.299185	39.87716	105717.0	
6126.0	1208.0	201712080914.0	116.296637	39.87957	93931.0	
6126.0	1209.0	201712090941.0	116.29897	39.880573	100503.0	
6126.0	1221.0	201712211005.0	116.296487	39.879315	103612.0	
