116.30446	39.890548	60.0	2449.702958962134	0.0	346.6959471557557	43.0	1101.0	32257.0	5897.0	85737.0
116.30443	39.891028	30.0	2319.1680517217446	0.0	53.8094858137522	43.0	1101.0	30174.0	5987.0	82254.0
116.304405	39.89637	60.0	2913.6798251207056	29.0	313.4632133247993	42.0	1101.0	30354.0	5987.0	82554.0
116.304475	39.890648	89.0	2447.008164999313	0.0	53.456013415864774	43.0	1101.0	35031.0	5992.0	94351.0
116.30447	39.897173	70.0	3173.2525761065945	23.0	119.18671530026882	42.0	1101.0	35182.0	5992.0	94622.0
116.30444	39.897525	30.0	3513.9933347516817	11.0	86.22992571389771	42.0	1101.0	39108.0	6118.0	105148.0
116.304392	39.896248	29.0	4490.10957201968	0.0	78.0089093428909	42.0	1102.0	41899.0	5935.0	113819.0
116.304384	39.897655	31.0	4646.8212644821515	0.0	82.20602165936027	42.0	1102.0	41958.0	5935.0	113918.0
116.304335	39.897253	30.0	4504.757495431523	0.0	130.85162298621123	42.0	1102.0	33667.0	5987.0	92107.0
116.304347	39.895935	120.0	2981.5285322729956	0.0	156.54944929782195	42.0	1102.0	35066.0	6119.0	94426.0
116.304315	39.898053	30.0	3217.4074937406845	8.0	53.61234426084477	42.0	1102.0	35217.0	6119.0	94657.0
116.30439	39.902075	31.0	3664.9764539673715	0.0	187.47895020455593	42.0	1102.0	35306.0	6119.0	94826.0
116.3043	39.891228	30.0	2607.512398805389	0.0	39.003352347046416	43.0	1103.0	32485.0	5873.0	90125.0
116.304357	39.897178	30.0	3216.36815735951	0.0	183.37394257140903	42.0	1103.0	40308.0	5897.0	111148.0
116.304355	39.894883	10.0	4003.244154672298	32.0	66.64608424375285	43.0	1103.0	42707.0	6115.0	115147.0
116.304392	39.895238	120.0	3480.5260749866484	9.0	204.50156925773115	43.0	1103.0	41519.0	6118.0	113159.0
116.304397	39.897725	31.0	3760.162549571258	0.0	117.69877846280993	42.0	1103.0	41669.0	6118.0	113429.0
116.30454	39.891293	63.0	2243.3917904428117	0.0	50.66968361225576	43.0	1103.0	30253.0	6119.0	82413.0
116.304302	39.901745	59.0	3406.982305384594	52.0	241.4409685976151	42.0	1103.0	30527.0	6119.0	82847.0
116.304437	39.890208	31.0	2364.6340964899123	0.0	76.34945852113133	43.0	1103.0	33395.0	6123.0	91635.0
116.304287	39.900055	30.0	3460.7507848680457	0.0	99.36025742490195	42.0	1103.0	33635.0	6123.0	92035.0
116.304427	39.897252	54.0	3162.756745322368	0.0	92.6403026975581	42.0	1104.0	42791.0	5935.0	115311.0
116.304465	39.895655	19.0	3042.8208005615147	0.0	163.2502622535748	42.0	1104.0	39098.0	5987.0	105138.0
116.304485	39.896875	60.0	3180.288639880846	0.0	104.78315253797035	42.0	1104.0	39151.0	5987.0	105231.0
116.30458	39.894505	114.0	6936.714648693519	23.0	21.02610257683033	43.0	1104.0	41760.0	6108.0	113600.0
116.304265	39.897037	60.0	3480.450205334746	0.0	132.31998871099304	42.0	1105.0	42740.0	6108.0	115220.0
116.30455	39.896065	30.0	6073.260174524403	56.0	39.28513967054793	42.0	1105.0	41679.0	6110.0	113439.0
116.304245	39.898607	60.0	2911.252175749446	15.0	134.56038686405702	42.0	1106.0	32585.0	5873.0	90305.0
116.3043	39.897875	30.0	2775.251894039431	0.0	50.974572765088766	42.0	1106.0	29903.0	5992.0	81823.0
116.304487	39.890448	30.0	2448.849847785709	0.0	290.40064573121884	43.0	1106.0	34909.0	6123.0	94149.0
116.304405	39.894497	8.0	2773.51324708594	33.0	45.50859291612262	43.0	1107.0	35080.0	5873.0	94440.0
116.304505	39.892265	30.0	2581.3290129035654	17.0	278.99170301339007	43.0	1107.0	36988.0	5935.0	101628.0
116.30453	39.89375	17.0	2747.225176254507	0.0	98.31588751548985	43.0	1107.0	37048.0	5935.0	101728.0
116.304632	39.894328	30.0	2813.6582029218002	7.0	26.886223296679077	43.0	1107.0	37092.0	5935.0	101812.0
116.304435	39.899385	57.0	3377.069049347888	0.0	88.23424788875856	42.0	1107.0	37273.0	5935.0	102113.0
116.304435	39.892093	75.0	2582.969121111859	0.0	112.22763421416553	43.0	1107.0	33681.0	5987.0	92121.0
116.30464	39.89567	30.0	2983.696521425639	15.0	133.9541133553176	42.0	1107.0	33796.0	5987.0	92316.0
116.304495	39.896412	30.0	3067.188217468234	0.0	32.39672901174348	42.0	1107.0	33856.0	5987.0	92416.0
116.30431	39.895747	30.0	2634.560303463535	0.0	154.31269407413546	43.0	1107.0	32919.0	6119.0	90839.0
116.304495	39.899608	17.0	3643.418274899545	13.0	103.13358535490748	42.0	1108.0	39286.0	5873.0	105446.0
116.304265	39.897212	30.0	3165.519905002532	0.0	430.6185071879745	42.0	1108.0	29997.0	6110.0	81957.0
116.304402	39.897747	30.0	3550.6689066326308	7.0	262.50856167737663	42.0	1108.0	34018.0	6118.0	92658.0
116.304419	39.893693	70.0	3288.7926409921174	12.0	176.46849671600108	43.0	1109.0	39167.0	5979.0	105247.0
116.304267	39.891143	30.0	1969.3514760024389	0.0	143.5741469151633	43.0	1109.0	26197.0	5995.0	71637.0
116.304362	39.89304	13.0	5061.187260294842	9.0	105.19364732492387	43.0	1109.0	37103.0	6110.0	101823.0
116.304565	39.895457	9.0	5335.369379193835	10.0	122.49654848769923	42.0	1109.0	37183.0	6110.0	101943.0
116.304382	39.89695	59.0	3135.181388630039	39.0	307.43195807078024	42.0	1109.0	32395.0	6119.0	85955.0
116.304402	39.89009	30.0	2416.3808731052013	0.0	109.39241855375752	43.0	1110.0	29657.0	5987.0	81417.0
116.304205	39.893138	22.0	6091.255185545238	37.0	328.89946944566515	43.0	1110.0	41449.0	6108.0	113049.0
116.304015	39.89545	13.0	6349.9763186554455	32.0	91.04617980787745	43.0	1110.0	41493.0	6108.0	113133.0
116.304002	39.899575	32.0	6813.397218137037	12.0	265.39953172547615	42.0	1110.0	41597.0	6108.0	113317.0
116.30433	39.890967	90.0	2301.276254901565	0.0	201.94289902992563	43.0	1110.0	32156.0	6110.0	85556.0
116.304382	39.892545	52.0	3569.334936662654	0.0	99.34205237124075	43.0	1110.0	37032.0	6115.0	101712.0
116.304325	39.897992	30.0	4177.170000800941	0.0	96.68759614645693	42.0	1110.0	37191.0	6115.0	101951.0
116.30433	39.899588	30.0	3429.8191642400343	10.0	153.65769722198752	42.0	1110.0	26353.0	6118.0	71913.0
116.304365	39.893335	19.0	3059.517576359574	14.0	247.5679888453002	43.0	1201.0	34826.0	5873.0	94026.0
116.30421	39.898192	102.0	3601.279106628857	0.0	240.05469226073026	42.0	1201.0	34901.0	5873.0	94141.0
116.304235	39.895497	26.0	2418.727869478807	19.0	4.7184303809446435	43.0	1201.0	41435.0	5995.0	113035.0
116.304412	39.89758	22.0	2651.9540219579258	18.0	26.991106680242588	42.0	1201.0	41545.0	5995.0	113225.0
116.30433	39.8913	30.0	2458.3220159233233	0.0	65.58438752489099	43.0	1201.0	26248.0	6110.0	71728.0
116.30443	39.897428	36.0	3269.0399960916743	0.0	20.6013677876138	42.0	1201.0	39120.0	6118.0	105200.0
116.304372	39.901657	22.0	7709.281792453377	32.0	254.46275011795433	42.0	1201.0	35743.0	6123.0	95543.0
116.30422	39.893112	14.0	2124.3595820245164	26.0	253.4890604351897	43.0	1202.0	36879.0	6115.0	101439.0
116.30407	39.895803	35.0	2424.732203956975	37.0	47.44230257896144	43.0	1202.0	36920.0	6115.0	101520.0
116.304105	39.897417	10.0	2605.395832545239	8.0	56.109703416938196	42.0	1202.0	36971.0	6115.0	101611.0
116.3042	39.899	19.0	2781.7850234938733	19.0	141.895001327246	42.0	1202.0	37001.0	6115.0	101641.0
116.304192	39.892723	20.0	2366.259656695789	23.0	220.4072080344688	43.0	1202.0	29708.0	6126.0	81508.0
116.30425	39.899463	17.0	3116.983893310513	9.0	32.7163388585947	42.0	1202.0	29808.0	6126.0	81648.0
116.304479	39.890333	90.0	2050.9771188664417	0.0	216.78591850836068	43.0	1204.0	41443.0	5995.0	113043.0
116.304412	39.896367	31.0	2742.1297454086234	0.0	167.92216463560743	42.0	1204.0	41592.0	5995.0	113312.0
116.304015	39.894473	12.0	2973.531400426459	12.0	37.409392413101905	43.0	1204.0	33600.0	6115.0	92000.0
116.30426	39.896238	1.0	3176.9407671563995	9.0	51.80040156050664	42.0	1204.0	33694.0	6115.0	92134.0
116.30458	39.890733	30.0	2473.752603095983	3.0	128.77107104481954	43.0	1204.0	30122.0	6118.0	82202.0
116.304337	39.899602	30.0	4914.272817045094	0.0	124.50409222669545	42.0	1205.0	32185.0	5939.0	85625.0
116.30434	39.893222	30.0	2843.811554126099	12.0	200.33902742524302	43.0	1205.0	34836.0	5987.0	94036.0
116.30431	39.89804	60.0	3380.6550929754694	0.0	128.29766997179672	42.0	1205.0	34986.0	5987.0	94306.0
116.304397	39.895613	4.0	3093.2968293054078	15.0	197.88769832892402	42.0	1205.0	39120.0	6110.0	105200.0
116.304265	39.900515	31.0	5484.621887496543	0.0	98.46780505135295	42.0	1205.0	41580.0	6111.0	113300.0
116.304422	39.897575	30.0	3174.2674402582743	0.0	58.63718502646572	42.0	1205.0	38167.0	6118.0	103607.0
116.30434	39.893592	17.0	3507.812398008522	12.0	127.41706050456628	43.0	1205.0	26324.0	6123.0	71844.0
116.3043	39.892802	49.0	2169.700602653752	17.0	310.17507723801555	43.0	1205.0	37300.0	6126.0	102140.0
116.304352	39.895052	96.0	2464.8009558356757	8.0	230.00088707609038	43.0	1205.0	37353.0	6126.0	102233.0
116.30457	39.901287	16.0	3158.96390486251	50.0	302.3689604211908	42.0	1205.0	37480.0	6126.0	102440.0
116.30456	39.890535	94.0	6225.518648056165	0.0	65.43878169469572	43.0	1206.0	31494.0	5897.0	84454.0
116.304415	39.896403	85.0	6878.676702975526	39.0	300.1965797168709	42.0	1206.0	31739.0	5897.0	84859.0
116.30443	39.89947	30.0	7220.074018930267	0.0	89.10474906487708	42.0	1206.0	31854.0	5897.0	85054.0
116.304362	39.896502	29.0	3476.126632129637	4.0	41.44366263369458	42.0	1206.0	37139.0	5939.0	101859.0
116.304479	39.899507	180.0	3348.0896185025163	0.0	237.21283657668647	42.0	1206.0	33771.0	5979.0	92251.0
116.304425	39.891443	28.0	2730.500105099342	17.0	138.58063623501135	43.0	1206.0	32795.0	6126.0	90635.0
116.304342	39.896753	1.0	3324.143576546684	11.0	65.64792440810707	42.0	1206.0	32937.0	6126.0	90857.0
116.304272	39.895457	30.0	2921.889930949363	0.0	94.52406388597811	43.0	1207.0	35629.0	5897.0	95349.0
116.3044	39.895633	10.0	3498.413829487927	0.0	58.017336626034904	42.0	1207.0	33744.0	5939.0	92224.0
116.304372	39.896792	30.0	3628.8253826976547	14.0	115.77735730784865	42.0	1207.0	33814.0	5939.0	92334.0
116.3043	39.897367	60.0	3256.760606123077	14.0	248.95733166842507	42.0	1207.0	29838.0	5992.0	81718.0
116.304247	39.893592	21.0	2803.132610456504	13.0	145.7010045705402	43.0	1207.0	38198.0	6108.0	103638.0
116.30432	39.897613	42.0	3252.3534174154747	0.0	75.24411177791669	42.0	1207.0	38321.0	6108.0	103841.0
116.30435	39.896882	63.0	3250.303098032252	0.0	60.119959963566146	42.0	1207.0	39364.0	6110.0	105604.0
116.304412	39.895668	13.0	3010.79307538879	3.0	100.24834124684259	42.0	1207.0	37174.0	6118.0	101934.0
116.304632	39.890763	150.0	3266.267319235556	0.0	81.33329434172877	43.0	1208.0	29880.0	5873.0	81800.0
116.30447	39.901355	13.0	4445.996309216607	6.0	196.39599912352773	42.0	1208.0	30209.0	5873.0	82329.0
116.30435	39.896415	19.0	3687.2116756384085	36.0	330.2908440489677	42.0	1208.0	39326.0	6115.0	105526.0
116.30434	39.894265	17.0	3016.017180297733	6.0	95.60108643656396	43.0	1208.0	32014.0	6118.0	85334.0
116.304435	39.8955	23.0	3063.671345714403	0.0	136.5624899998223	42.0	1208.0	35350.0	6123.0	94910.0
116.304307	39.892915	31.0	4158.50735821418	0.0	72.17144357074086	43.0	1209.0	42454.0	5897.0	114734.0
116.30414	39.895428	32.0	4438.474821294144	0.0	187.8331373870589	43.0	1209.0	42513.0	5897.0	114833.0
116.304239	39.897027	30.0	4616.909444990632	12.0	112.82086859419725	42.0	1209.0	42574.0	5897.0	114934.0
116.304435	39.89492	76.0	2972.2009684381724	60.0	378.6284221823245	43.0	1209.0	39253.0	5995.0	105413.0
116.304675	39.89391	18.0	4204.34760834139	16.0	548.1998901328498	43.0	1209.0	29548.0	6108.0	81228.0
116.304289	39.899085	3.0	4781.220057570213	15.0	132.96483358319932	42.0	1209.0	29626.0	6108.0	81346.0
116.304239	39.893803	10.0	2880.741198285652	25.0	149.050986424938	43.0	1209.0	36909.0	6115.0	101509.0
116.304727	39.897097	24.0	2206.0357605910517	15.0	242.37528478156588	42.0	1210.0	39110.0	6126.0	105150.0
116.304205	39.895382	113.0	3774.0571055359815	22.0	193.61822436791758	43.0	1211.0	35160.0	5897.0	94600.0
116.304417	39.901145	14.0	4985.530617783881	28.0	207.73661926457976	42.0	1211.0	32600.0	5992.0	90320.0
116.304445	39.895978	70.0	3148.7004970335665	0.0	150.83165413830878	42.0	1211.0	33538.0	6110.0	91858.0
116.304385	39.891195	30.0	2391.6616245394225	0.0	317.43712046380625	43.0	1211.0	30123.0	6111.0	82203.0
116.304345	39.895623	16.0	3009.783545281362	36.0	283.49889822179875	42.0	1212.0	39244.0	6108.0	105404.0
116.304427	39.891695	66.0	2560.2354012465835	0.0	89.56676052758097	43.0	1212.0	37890.0	6111.0	103130.0
116.304272	39.894015	14.0	2840.68474964855	7.0	11.162834268017045	43.0	1212.0	37970.0	6111.0	103250.0
116.30436	39.894957	30.0	2945.787547144909	0.0	71.88161926059293	43.0	1212.0	38014.0	6111.0	103334.0
116.30434	39.895272	30.0	2930.7527586029146	0.0	173.57089332432517	43.0	1212.0	33390.0	6118.0	91630.0
116.304335	39.896965	30.0	3208.079328489204	0.0	124.06124652405796	42.0	1212.0	35286.0	6119.0	94806.0
116.30428	39.901187	30.0	3677.8760414418407	0.0	99.05724301722367	42.0	1212.0	35406.0	6119.0	95006.0
116.304435	39.891242	55.0	2522.0554374597746	0.0	216.85842264972038	43.0	1212.0	29863.0	6123.0	81743.0
116.304395	39.897403	30.0	3207.864442821215	24.0	345.1545618751388	42.0	1212.0	30002.0	6123.0	82002.0
116.304455	39.893307	25.0	3546.9299984745617	0.0	111.82670765295703	43.0	1213.0	30162.0	5873.0	82242.0
116.30454	39.901737	2.0	3999.3649419612166	34.0	281.8606705345765	42.0	1213.0	37288.0	5992.0	102128.0
116.304525	39.891103	30.0	2742.0577541207276	9.0	144.12614052790613	43.0	1213.0	33425.0	5995.0	91705.0
116.3045	39.894965	21.0	3172.1058660889744	29.0	279.1313488734489	43.0	1213.0	33484.0	5995.0	91804.0
116.304622	39.895718	11.0	3261.5062243023444	6.0	12.808721891762628	42.0	1213.0	33522.0	5995.0	91842.0
116.304422	39.89392	6.0	4442.49822266137	27.0	182.7035972188256	43.0	1213.0	32169.0	6115.0	85609.0
116.304495	39.890177	30.0	2162.4878619456126	27.0	208.28619245849424	43.0	1213.0	26742.0	6119.0	72542.0
116.304655	39.894498	6.0	3579.397680898492	33.0	55.398617049564024	43.0	1213.0	39109.0	6126.0	105149.0
116.304342	39.895947	30.0	3151.383587082082	23.0	257.4781324475868	42.0	1214.0	35375.0	5987.0	94935.0
116.304462	39.89737	59.0	3302.129857472594	10.0	220.3045751642894	42.0	1214.0	32491.0	5992.0	90131.0
116.304442	39.89558	11.0	3319.7501030894027	12.0	212.17949076598978	42.0	1214.0	36952.0	6111.0	101552.0
116.30437	39.899635	11.0	3771.895093573278	17.0	86.46088136164558	42.0	1214.0	37040.0	6111.0	101720.0
116.304315	39.89384	1.0	2857.5891048691547	8.0	88.26878440089352	43.0	1215.0	35025.0	5987.0	94345.0
116.304045	39.895983	13.0	6957.691385491184	19.0	41.24955918817167	42.0	1215.0	32726.0	6111.0	90526.0
116.304092	39.898567	28.0	7245.525825753675	0.0	89.4809622796832	42.0	1215.0	32807.0	6111.0	90647.0
116.304162	39.900965	9.0	7512.4019099325105	21.0	129.98396839749998	42.0	1215.0	32887.0	6111.0	90807.0
116.30445	39.890857	13.0	2505.3280565257182	8.0	133.41533685435596	43.0	1215.0	33489.0	6115.0	91809.0
116.303942	39.893037	1.0	2751.9575418530594	33.0	53.73015665324363	43.0	1215.0	33553.0	6115.0	91913.0
116.304395	39.896663	30.0	3093.9890216148306	37.0	296.58155678650314	42.0	1215.0	37820.0	6119.0	103020.0
116.30428	39.89433	1.0	2843.882003778953	7.0	26.72942488282692	43.0	1215.0	37247.0	6123.0	102047.0
116.304287	39.894922	30.0	2909.770175285361	7.0	57.865862341997264	43.0	1215.0	37266.0	6123.0	102106.0
116.304277	39.895702	15.0	2010.2027219939546	18.0	285.81164006955925	43.0	1216.0	38839.0	6111.0	104719.0
116.304425	39.897745	30.0	3232.114578304721	0.0	204.54087141270037	42.0	1216.0	40831.0	6118.0	112031.0
116.304562	39.901855	30.0	3689.7497409651755	0.0	197.64807769679965	42.0	1216.0	40946.0	6118.0	112226.0
116.30422	39.893967	14.0	3647.375356723753	0.0	97.86008967489093	43.0	1217.0	37987.0	5979.0	103307.0
116.30433	39.895317	10.0	3798.5184318648694	10.0	135.17047983055173	43.0	1217.0	38030.0	5979.0	103350.0
116.30438	39.89555	30.0	3628.8794306252416	55.0	404.2721558820412	42.0	1217.0	37052.0	6108.0	101732.0
116.304345	39.893072	31.0	4490.665949932425	22.0	128.95670978170165	43.0	1218.0	32438.0	5979.0	90038.0
116.304257	39.89714	36.0	4943.952000288694	0.0	92.68228344029241	42.0	1218.0	32558.0	5979.0	90238.0
116.304367	39.895783	59.0	3041.326833767056	52.0	496.81423407049147	42.0	1218.0	35045.0	6115.0	94405.0
116.304387	39.893442	21.0	2743.566775940719	45.0	317.21380216565115	43.0	1218.0	40309.0	6118.0	111149.0
116.304552	39.895882	146.0	3015.615726202036	16.0	114.33403984756842	42.0	1218.0	40350.0	6118.0	111230.0
116.304302	39.892608	13.0	2697.490858443221	11.0	178.49967267562454	43.0	1219.0	33232.0	5873.0	91352.0
116.304242	39.896742	29.0	3162.726415191502	0.0	118.84734797101761	42.0	1219.0	33340.0	5873.0	91540.0
116.304297	39.900832	16.0	4108.044528093995	26.0	183.27191440051052	42.0	1219.0	39151.0	5939.0	105231.0
116.304417	39.893238	27.0	2605.0989092112973	0.0	119.47101153177964	43.0	1219.0	30343.0	5987.0	82543.0
116.304437	39.894095	3.0	2203.1911429761576	22.0	36.16136423909953	43.0	1219.0	26108.0	6111.0	71508.0
116.304415	39.894453	118.0	2642.739344855123	21.0	136.96492909157948	43.0	1220.0	33449.0	5979.0	91729.0
116.30443	39.90204	46.0	3487.614760175871	0.0	36.695972392833774	42.0	1220.0	33837.0	5979.0	92357.0
116.304355	39.896193	62.0	3058.110145211206	0.0	318.5901208600558	42.0	1220.0	35097.0	6110.0	94457.0
116.304442	39.894357	20.0	2940.798885540662	19.0	142.56063457200221	43.0	1220.0	32197.0	6126.0	85637.0
116.304505	39.897942	13.0	3340.126254141056	11.0	133.4727012931314	42.0	1220.0	32271.0	6126.0	85751.0
116.304632	39.90117	16.0	3699.601951728661	7.0	158.8536041617399	42.0	1220.0	32343.0	6126.0	85903.0
116.304247	39.898858	30.0	7464.338350610754	11.0	153.8836533313383	42.0	1221.0	26817.0	5873.0	72657.0
116.304395	39.896687	30.0	3124.7457467677414	0.0	41.62298197881247	42.0	1221.0	40730.0	5897.0	111850.0
116.304357	39.899037	30.0	3442.243113906831	22.0	231.44431019064297	42.0	1221.0	29908.0	5939.0	81828.0
116.304345	39.892142	17.0	2707.419626259713	0.0	153.07828556144133	43.0	1221.0	32645.0	5992.0	90405.0
116.304327	39.893952	6.0	2909.4145899234954	18.0	41.488900880719314	43.0	1221.0	32672.0	5992.0	90432.0
116.304317	39.893973	12.0	2805.6086115102094	9.0	109.6117070390688	43.0	1221.0	38163.0	6118.0	103603.0
116.304292	39.898085	30.0	3263.2137413803803	0.0	55.435311506364584	42.0	1221.0	38295.0	6118.0	103815.0
116.30443	39.893148	7.0	2815.7303200718934	0.0	108.27242404248143	43.0	1221.0	32018.0	6123.0	85338.0
116.30436	39.893045	30.0	2469.681140168101	15.0	39.285140488108325	43.0	1221.0	36794.0	6126.0	101314.0
116.304159	39.894543	60.0	2637.525662235592	19.0	49.10041475378587	43.0	1221.0	36826.0	6126.0	101346.0
116.304575	39.896153	4.0	2821.1286977970426	0.0	68.74997894552374	42.0	1221.0	36928.0	6126.0	101528.0
116.30446	39.897487	30.0	2970.126585272369	0.0	95.97097057326944	42.0	1221.0	37021.0	6126.0	101701.0
116.304332	39.900755	90.0	3334.3528193750367	0.0	70.45455938800943	42.0	1221.0	37171.0	6126.0	101931.0
116.304367	39.898448	14.0	3540.7112860444477	15.0	116.64881720334355	42.0	1222.0	30148.0	5873.0	82228.0
116.304525	39.89129	12.0	2603.159661853747	10.0	113.15957861564144	43.0	1222.0	26450.0	5939.0	72050.0
116.30444	39.897375	30.0	3281.1754763961785	16.0	132.77599421136046	42.0	1222.0	26586.0	5939.0	72306.0
116.304247	39.892625	55.0	2780.52308303575	34.0	200.27177428332976	43.0	1222.0	40315.0	5995.0	111155.0
116.30415	39.893752	39.0	2859.7240534131047	0.0	65.53394031148471	43.0	1222.0	32294.0	6126.0	85814.0
116.304335	39.897583	31.0	3235.668183532208	0.0	157.81779621972044	42.0	1223.0	37309.0	5992.0	102149.0
116.304277	39.894108	17.0	2904.371967647377	36.0	450.45841734468684	43.0	1223.0	37730.0	6108.0	102850.0
116.30433	39.89556	18.0	3107.271465187283	0.0	142.41735234515284	43.0	1223.0	39255.0	6110.0	105415.0
116.30418	39.895263	7.0	4428.226539106456	22.0	33.82325715568318	43.0	1223.0	41679.0	6115.0	113439.0
116.30439	39.896975	22.0	2635.179476474439	40.0	383.88627310342616	42.0	1223.0	29787.0	6126.0	81627.0
116.304292	39.894112	20.0	2920.7426099035074	48.0	307.6568344657287	43.0	1224.0	36564.0	6119.0	100924.0
116.304467	39.891105	29.0	2170.7679867529537	0.0	139.97059228843216	43.0	1225.0	26655.0	5979.0	72415.0
116.304327	39.89319	30.0	2403.073595828241	0.0	153.13162358652076	43.0	1225.0	26714.0	5979.0	72514.0
116.304352	39.896825	25.0	2588.077916964946	30.0	251.7996046809302	42.0	1225.0	39039.0	5995.0	105039.0
116.304609	39.894425	14.0	2539.178961261002	44.0	56.67597851715156	43.0	1225.0	30419.0	6115.0	82659.0
116.304525	39.898028	30.0	2948.6857736738125	23.0	213.9719025920187	42.0	1225.0	30462.0	6115.0	82742.0
116.304422	39.899625	19.0	3126.660897575523	9.0	106.6272432658375	42.0	1225.0	30522.0	6115.0	82842.0
116.304435	39.896153	84.0	4470.176142260991	0.0	343.27308111042913	42.0	1226.0	32431.0	5935.0	90031.0
116.304305	39.894043	21.0	2951.224559175003	8.0	102.72774668961696	43.0	1226.0	39098.0	5939.0	105138.0
116.304357	39.890923	66.0	1910.0371653500467	0.0	115.21579140017471	43.0	1226.0	41612.0	5979.0	113332.0
116.30425	39.899318	30.0	2844.7766157959427	0.0	92.42823349017914	42.0	1226.0	41852.0	5979.0	113732.0
116.304362	39.891018	19.0	3027.1877463826995	0.0	183.71961942404164	43.0	1226.0	30145.0	5995.0	82225.0
116.304245	39.893412	29.0	3293.740661087329	22.0	126.80052304495115	43.0	1226.0	30216.0	5995.0	82336.0
116.304257	39.897468	2.0	3745.3604745688317	10.0	203.72845416615638	42.0	1226.0	30249.0	5995.0	82409.0
116.3043	39.893743	10.0	2876.7369257433293	7.0	250.3033792744585	43.0	1226.0	37909.0	6115.0	103149.0
116.30446	39.894138	23.0	2885.005319581639	27.0	146.4222820221928	43.0	1226.0	33442.0	6119.0	91722.0
116.304392	39.901105	14.0	3729.639647286316	34.0	240.53573422627179	42.0	1226.0	40560.0	6123.0	111600.0
116.303952	39.894727	15.0	3674.264596946148	23.0	15.621413546996584	43.0	1227.0	29931.0	6126.0	81851.0
116.304305	39.899005	22.0	4159.622929767089	11.0	132.41636182566154	42.0	1227.0	30006.0	6126.0	82006.0
116.30437	39.894647	40.0	2902.344435145199	31.0	287.940104398903	43.0	1228.0	38925.0	5939.0	104845.0
116.304565	39.895792	12.0	6620.258541766285	0.0	288.69738865538807	42.0	1228.0	41745.0	6108.0	113545.0
116.30432	39.897742	11.0	6848.58058318833	0.0	104.48386047679614	42.0	1228.0	41839.0	6108.0	113719.0
116.304125	39.893552	15.0	2860.908717533052	17.0	32.711338626756245	43.0	1228.0	32015.0	6110.0	85335.0
116.304147	39.89841	39.0	3402.392415911501	6.0	203.83479591718424	42.0	1228.0	32102.0	6110.0	85502.0
116.30436	39.89178	68.0	2505.085108984508	0.0	130.30344299785855	43.0	1228.0	30044.0	6119.0	82044.0
116.304265	39.896648	38.0	3049.3017016193385	41.0	275.9916815852153	42.0	1228.0	30148.0	6119.0	82228.0
116.30431	39.898607	30.0	3267.350958207716	0.0	80.89274852605526	42.0	1228.0	30209.0	6119.0	82329.0
116.304205	39.89883	120.0	3828.309148100781	41.0	104.92120130248661	42.0	1229.0	36862.0	5995.0	101422.0
116.304297	39.895585	17.0	6742.99517263012	36.0	214.96029310323172	43.0	1229.0	31931.0	6111.0	85211.0
116.305055	39.896652	9.0	6954.614884893993	22.0	20.75271008774597	43.0	1229.0	31968.0	6111.0	85248.0
116.30325	39.896873	25.0	7309.04244665596	21.0	92.9511996773347	43.0	1229.0	32020.0	6111.0	85340.0
116.303889	39.894882	30.0	7578.628732582903	0.0	196.98958146391837	43.0	1229.0	32062.0	6111.0	85422.0
116.304437	39.89858	30.0	3204.8126957092904	0.0	322.91696415391664	42.0	1229.0	31928.0	6115.0	85208.0
116.30425	39.899023	21.0	3934.506656868327	7.0	165.36677727952073	42.0	1230.0	32127.0	5995.0	85527.0
116.303299	39.893618	11.0	5585.956378929166	34.0	48.19627231485734	43.0	1231.0	61020.0	5873.0	165700.0
116.30846	39.8954	23.0	6075.795297527354	29.0	391.9495773228963	43.0	1231.0	61082.0	5873.0	165802.0
116.311485	39.895513	5.0	6335.670832531508	0.0	113.68768221722331	43.0	1231.0	61162.0	5873.0	165922.0
116.311615	39.895252	1.0	6367.304253825805	0.0	25.804013843877282	43.0	1231.0	61228.0	5873.0	170028.0
116.312005	39.895022	1836.0	6413.0591466432015	9.0	13.235221414263492	43.0	1231.0	61230.0	5873.0	170030.0
116.317686	39.895538	16.0	6922.774304674444	25.0	253.40682959437223	43.0	1231.0	63096.0	5873.0	173136.0
116.304945	39.895895	38.0	8174.407528404038	23.0	17.58701783019294	42.0	1231.0	63252.0	5873.0	173412.0
116.304232	39.895677	15.0	4263.041188759615	10.0	184.55269789630572	43.0	1231.0	38138.0	6108.0	103538.0
116.30415	39.894738	14.0	3024.0673259203595	38.0	81.17053197674797	43.0	104.0	33446.0	5873.0	91726.0
116.304437	39.896	20.0	3170.3967682831526	15.0	17.376576616132013	42.0	104.0	33463.0	5873.0	91743.0
116.304487	39.897212	30.0	3305.363690738717	0.0	78.55655278167207	42.0	104.0	33513.0	5873.0	91833.0
116.304342	39.898165	32.0	4636.2015805237515	0.0	399.21207521231844	42.0	104.0	32248.0	5897.0	85728.0
116.30435	39.893373	21.0	2703.056898648904	24.0	114.40340953035194	43.0	104.0	29845.0	5987.0	81725.0
116.304205	39.89973	44.0	3460.0461463934807	0.0	251.45869728057247	42.0	105.0	40407.0	5935.0	111327.0
116.304305	39.901995	3.0	3828.5579159000004	33.0	309.40673506299123	42.0	105.0	37980.0	5987.0	103300.0
116.304407	39.890518	31.0	2515.887883228795	0.0	196.72761527386004	43.0	105.0	35036.0	6110.0	94356.0
116.30421	39.896843	30.0	2648.9749076291646	0.0	128.09292399680055	42.0	105.0	36639.0	6111.0	101039.0
116.30433	39.897318	29.0	3242.8771361496856	0.0	181.47456507509236	42.0	105.0	39206.0	6119.0	105326.0
116.304345	39.896785	30.0	4628.178962598733	6.0	185.90541556001213	42.0	106.0	41776.0	5992.0	113616.0
116.30421	39.896298	59.0	3107.3615379446164	36.0	306.1811281511941	42.0	108.0	36906.0	5935.0	101506.0
116.304267	39.897387	30.0	3280.300296641555	29.0	304.52870961298834	42.0	109.0	29845.0	5897.0	81725.0
116.304255	39.902092	36.0	3803.8380698547708	38.0	279.49573237156824	42.0	109.0	29935.0	5897.0	81855.0
116.304427	39.894878	16.0	3006.40095510324	37.0	231.6090921880954	43.0	109.0	35109.0	5939.0	94509.0
116.304245	39.89645	37.0	3182.021401895134	15.0	36.43207322976557	42.0	109.0	35135.0	5939.0	94535.0
116.304335	39.891173	30.0	2517.5658565510275	21.0	174.49390826916914	43.0	109.0	31844.0	6118.0	85044.0
116.304325	39.897717	30.0	3261.9469728115278	0.0	244.70470735947094	42.0	109.0	36913.0	6119.0	101513.0
116.3043	39.890627	35.0	3307.2049894234783	11.0	124.5352479668514	43.0	110.0	30022.0	6108.0	82022.0
116.304325	39.89344	32.0	3620.240708049746	23.0	109.29665346831185	43.0	110.0	30112.0	6108.0	82152.0
116.304245	39.897235	24.0	3244.363109505359	40.0	345.94986100130836	42.0	110.0	37952.0	6110.0	103232.0
116.30439	39.893888	30.0	4156.014019770715	0.0	73.4447870421825	43.0	110.0	33758.0	6118.0	92238.0
116.304212	39.897655	40.0	3553.3276355674893	0.0	200.05979515106836	42.0	111.0	37057.0	5873.0	101737.0
116.304115	39.899418	25.0	3749.664432583067	0.0	131.38058221252018	42.0	111.0	37118.0	5873.0	101838.0
116.304497	39.890805	30.0	2446.8039289628273	23.0	205.2996810235028	43.0	111.0	29903.0	5935.0	81823.0
116.304322	39.90194	21.0	3685.985769592515	36.0	250.13077609241736	42.0	111.0	30092.0	5935.0	82132.0
116.30431	39.89425	28.0	4226.314579454668	17.0	206.0962944441335	43.0	111.0	33775.0	5979.0	92255.0
116.304352	39.895553	17.0	4371.813549277241	0.0	68.54942018181158	43.0	111.0	33846.0	5979.0	92406.0
116.304325	39.89716	90.0	4550.835172625237	18.0	94.84594922629182	42.0	111.0	33893.0	5979.0	92453.0
116.304345	39.893917	29.0	3266.3671451446994	9.0	158.16017352018835	43.0	111.0	37966.0	6115.0	103246.0
116.304337	39.895238	25.0	3413.826213870322	0.0	93.16645337400342	43.0	111.0	38017.0	6115.0	103337.0
116.304322	39.897963	60.0	3718.3804517514345	0.0	102.53600759916822	42.0	111.0	38111.0	6115.0	103511.0
116.30439	39.895517	30.0	3086.141002142189	0.0	158.44089348750097	43.0	111.0	39061.0	6119.0	105101.0
116.30418	39.89785	30.0	3312.8922753939473	0.0	149.11449951789558	42.0	112.0	35187.0	5897.0	94627.0
116.3042	39.899838	39.0	3534.094044039534	0.0	86.34013188816506	42.0	112.0	35247.0	5897.0	94727.0
116.30422	39.901922	27.0	3765.9737847509823	30.0	193.60524925689202	42.0	112.0	35308.0	5897.0	94828.0
116.304479	39.890733	26.0	2489.979999933618	0.0	167.7846892850336	43.0	112.0	30045.0	5935.0	82045.0
116.30436	39.893455	6.0	2793.0206824842585	20.0	137.87329739241574	43.0	112.0	30106.0	5935.0	82146.0
116.304417	39.89322	25.0	3013.2953403138763	12.0	113.72366804810117	43.0	112.0	31994.0	5992.0	85314.0
116.304292	39.897235	66.0	3461.0870480282906	28.0	336.79354279979503	42.0	112.0	32045.0	5992.0	85405.0
116.304145	39.896077	30.0	3130.6638954804075	0.0	90.4148589407923	42.0	112.0	37120.0	6110.0	101840.0
116.304407	39.900469	69.0	3620.038051820956	21.0	222.62407777061625	42.0	112.0	37240.0	6110.0	102040.0
116.304377	39.891202	27.0	3687.153209671223	0.0	238.89374853858456	43.0	112.0	39334.0	6111.0	105534.0
116.304277	39.899307	9.0	4589.305200080969	9.0	85.89932332127756	42.0	112.0	39559.0	6111.0	105919.0
116.30432	39.897408	30.0	3755.938428002308	0.0	85.16868682247157	42.0	112.0	33570.0	6119.0	91930.0
116.304317	39.897963	24.0	3386.064283792582	0.0	107.48096053915323	42.0	113.0	39226.0	5939.0	105346.0
116.304377	39.894695	22.0	1941.5525345860472	26.0	292.4987711048199	43.0	113.0	35124.0	5979.0	94524.0
116.30421	39.89386	3.0	3673.929313616892	9.0	151.7692967703063	43.0	114.0	30632.0	5873.0	83032.0
116.304255	39.896715	30.0	3016.6097143956413	39.0	366.9458088953078	42.0	115.0	37948.0	5873.0	103228.0
116.304285	39.890205	48.0	1879.6887839685894	28.0	150.626085421811	43.0	115.0	29154.0	6118.0	80554.0
116.304422	39.890152	27.0	1453.6718998379888	0.0	271.40833519653154	43.0	116.0	39061.0	5995.0	105101.0
116.3043	39.896062	31.0	3149.656989255682	39.0	44.76033864555428	42.0	116.0	37813.0	6108.0	103013.0
116.304342	39.893388	13.0	3113.6380441273386	32.0	260.9673232553336	43.0	116.0	33718.0	6115.0	92158.0
116.30427	39.894292	28.0	3214.921223007423	9.0	7.212825055744817	43.0	116.0	33740.0	6115.0	92220.0
116.304217	39.896007	60.0	3405.9520548610467	0.0	60.391806061072984	42.0	116.0	33816.0	6115.0	92336.0
116.304315	39.898928	46.0	3731.116305298224	0.0	81.22243520185904	42.0	116.0	33966.0	6115.0	92606.0
116.304155	39.894587	15.0	2597.8660408825162	21.0	18.27282579634984	43.0	117.0	37212.0	5873.0	102012.0
116.30437	39.896873	37.0	3064.6873728025475	38.0	427.5839263425883	42.0	117.0	41487.0	5935.0	113127.0
116.30443	39.890903	29.0	2471.5516519556522	0.0	213.42347147495167	43.0	117.0	28530.0	5987.0	75530.0
116.30441	39.893338	14.0	2537.58665691749	41.0	360.0746231974167	43.0	117.0	35004.0	5992.0	94324.0
116.304415	39.900637	18.0	3350.8266381238336	38.0	240.66019632300095	42.0	117.0	35165.0	5992.0	94605.0
116.30441	39.892453	27.0	3346.4490648888077	0.0	91.25168958010543	43.0	117.0	31119.0	6108.0	83839.0
116.304472	39.893238	16.0	3434.090054305804	18.0	11.144863266702306	43.0	117.0	31154.0	6108.0	83914.0
116.304357	39.898368	30.0	4005.7350681919115	0.0	396.72857298099956	42.0	117.0	31208.0	6108.0	84008.0
116.304347	39.898413	36.0	3904.111140200278	0.0	117.38264888588559	42.0	117.0	33507.0	6119.0	91827.0
116.304355	39.893577	31.0	2767.291838458421	0.0	164.92722273593188	43.0	118.0	31022.0	5897.0	83702.0
116.304315	39.899303	24.0	3404.5641144275637	14.0	108.51171774748757	42.0	118.0	31118.0	5897.0	83838.0
116.30423	39.896325	30.0	2783.028962323294	50.0	427.53427667037454	42.0	118.0	39231.0	5995.0	105351.0
116.304367	39.896372	28.0	3055.8183933003897	43.0	49.0319375546721	42.0	119.0	41526.0	5873.0	113206.0
116.304255	39.897577	30.0	3188.4170657055042	35.0	452.8535206255214	42.0	119.0	31127.0	5897.0	83847.0
116.304255	39.89558	22.0	3043.5532531933645	11.0	100.7256453810009	43.0	119.0	38096.0	5995.0	103456.0
116.304115	39.89698	66.0	2164.2464271773406	0.0	131.5407593078444	42.0	119.0	39511.0	6111.0	105831.0
116.30422	39.89638	65.0	3340.2953669522303	25.0	220.56470273214006	42.0	119.0	35060.0	6115.0	94420.0
116.304495	39.896505	30.0	3105.8284412906305	12.0	202.7860175531753	42.0	119.0	40547.0	6118.0	111547.0
116.304272	39.899588	60.0	3504.486296832195	0.0	73.23518540873157	42.0	119.0	33665.0	6123.0	92105.0
116.304384	39.893628	30.0	3123.418975459142	12.0	171.12948378314925	43.0	120.0	30754.0	5939.0	83234.0
116.304285	39.897668	6.0	3339.1255380360753	13.0	321.3393244342107	42.0	120.0	41457.0	6115.0	113057.0
116.304245	39.89396	18.0	2798.6889502131085	17.0	138.23978353810455	43.0	122.0	33472.0	5992.0	91752.0
116.304075	39.895463	240.0	2968.5332313366525	0.0	84.74187772846788	43.0	122.0	33526.0	5992.0	91846.0
116.304387	39.901922	18.0	3691.763238690686	9.0	34.865360068350725	42.0	122.0	33872.0	5992.0	92432.0
116.304265	39.894697	37.0	2885.0121923120564	0.0	201.47481845425153	43.0	124.0	38068.0	5935.0	103428.0
116.304267	39.897122	30.0	3255.75735372322	0.0	168.5739536941193	42.0	124.0	33456.0	5987.0	91736.0
116.30419	39.894665	18.0	3077.582230710224	7.0	149.32051544656989	43.0	124.0	35383.0	6111.0	94943.0
116.30414	39.895688	60.0	3191.497880571638	18.0	78.58071867894294	43.0	124.0	35417.0	6111.0	95017.0
116.304162	39.898497	30.0	3504.23265761733	0.0	164.1402160962619	42.0	124.0	35507.0	6111.0	95147.0
116.304225	39.894768	1.0	2907.4867347929508	46.0	263.51587180608504	43.0	124.0	37226.0	6115.0	102026.0
116.304217	39.897803	29.0	3245.547786454446	0.0	83.00663193779009	42.0	124.0	37284.0	6115.0	102124.0
116.30438	39.890525	30.0	3771.4370687421097	0.0	121.5112609786095	43.0	124.0	41975.0	6118.0	113935.0
116.304345	39.89374	11.0	4129.280960212989	0.0	70.43469109005544	43.0	124.0	42095.0	6118.0	114135.0
116.304395	39.895478	19.0	4346.354319881333	13.0	190.1354152936869	43.0	124.0	42154.0	6118.0	114234.0
116.30438	39.892443	42.0	2756.3223243308908	20.0	238.53457391653652	43.0	124.0	39278.0	6123.0	105438.0
116.304325	39.895325	30.0	3077.5265344668815	0.0	41.04852430033322	43.0	124.0	39397.0	6123.0	105637.0
116.30431	39.896425	60.0	3199.9803108001224	0.0	65.6951641563877	42.0	124.0	39457.0	6123.0	105737.0
116.304427	39.892848	20.0	2739.9972460628783	0.0	136.21742504105396	43.0	125.0	26264.0	5897.0	71744.0
116.30459	39.896923	30.0	3610.0928251466967	26.0	290.51190646321135	42.0	125.0	37949.0	5939.0	103229.0
116.304415	39.8902	57.0	5100.906243494317	34.0	236.2211165420067	43.0	125.0	41553.0	5995.0	113233.0
116.304415	39.89605	15.0	5751.844359620312	40.0	383.65426204584776	42.0	125.0	41640.0	5995.0	113400.0
116.304307	39.893608	20.0	3008.249420400309	21.0	172.0238972971317	43.0	125.0	28653.0	6111.0	75733.0
116.304265	39.897645	30.0	3215.7654725272587	9.0	176.1314882464705	42.0	125.0	35250.0	6123.0	94730.0
116.304235	39.893358	6.0	2839.0157673462318	18.0	196.40242154014788	43.0	126.0	35492.0	5873.0	95132.0
116.304145	39.897515	31.0	3303.4588873407915	0.0	46.97047526342752	42.0	126.0	35601.0	5873.0	95321.0
116.304165	39.89516	36.0	2954.9883573105267	0.0	128.18641773373253	43.0	126.0	41658.0	5897.0	113418.0
116.304237	39.896755	42.0	3132.806251450604	0.0	70.22313018937471	42.0	126.0	41717.0	5897.0	113517.0
116.304422	39.901517	89.0	3662.879569041183	44.0	292.22203372433984	42.0	126.0	41808.0	5897.0	113648.0
116.304227	39.89329	42.0	4210.45482530783	29.0	306.8908491011929	43.0	126.0	38243.0	5979.0	103723.0
116.304245	39.893835	8.0	2805.1875663041983	0.0	99.58409668423205	43.0	126.0	33641.0	5987.0	92041.0
116.30425	39.89798	30.0	3267.325238751204	0.0	86.83091445046051	42.0	126.0	33794.0	5987.0	92314.0
116.304292	39.893615	18.0	2876.875284811049	17.0	188.96034838525284	43.0	126.0	31194.0	5992.0	83954.0
116.304222	39.897552	36.0	3315.1965552113206	30.0	337.35271047537185	42.0	126.0	31241.0	5992.0	84041.0
116.30421	39.894608	31.0	3422.5195003940157	9.0	19.93856612756244	43.0	126.0	40576.0	6111.0	111616.0
116.304415	39.89298	12.0	2986.010335640447	22.0	299.5886116948118	43.0	126.0	39248.0	6115.0	105408.0
116.30452	39.896303	8.0	3358.306794378548	12.0	26.18545623799713	42.0	126.0	39325.0	6115.0	105525.0
116.30441	39.892295	34.0	2032.4192227779272	37.0	317.9820517600539	43.0	126.0	25945.0	6118.0	71225.0
116.30427	39.89805	30.0	3100.777750085157	0.0	188.03650423741644	42.0	126.0	28900.0	6123.0	80140.0
116.304377	39.89433	10.0	3386.5081193019637	35.0	71.08744910102604	43.0	127.0	40513.0	6123.0	111513.0
116.30423	39.897262	30.0	4171.0215570882465	18.0	189.3870468701948	42.0	128.0	41759.0	5992.0	113559.0
116.30438	39.898605	23.0	3325.9456245699184	23.0	236.10096255849726	42.0	129.0	28799.0	5939.0	75959.0
116.304432	39.89491	14.0	3267.319922576659	30.0	55.07547776983738	43.0	129.0	37020.0	6115.0	101700.0
116.304005	39.894655	12.0	3600.4381767398036	33.0	90.56577870223995	43.0	131.0	39210.0	6108.0	105330.0
116.30421	39.899042	30.0	3492.48395784684	0.0	101.72056123014075	42.0	131.0	33458.0	6110.0	91738.0
