116.277548	40.109545	42.0	34607.91677429415	67.0	722.2702480250506	6.0	1103.0	36271.0	6123.0	100431.0
116.278526	40.108902	29.0	35073.38558228817	83.0	745.3135119781065	6.0	1105.0	31598.0	5939.0	84638.0
116.278428	40.109345	1200.0	34709.2696482074	7.0	501.6509357141459	6.0	1105.0	34635.0	5987.0	93715.0
116.276113	40.110892	8.0	34341.63342248031	31.0	937.0947515113429	6.0	1106.0	32463.0	5992.0	90103.0
116.274023	40.112585	30.0	34601.33923255127	0.0	193.13000716771276	6.0	1106.0	32501.0	5992.0	90141.0
116.277833	40.10932	30.0	34617.33937283966	72.0	718.3129341588514	6.0	1106.0	39415.0	6119.0	105655.0
116.280386	40.107862	30.0	34236.76897105038	50.0	503.82379846313853	6.0	1108.0	30884.0	5992.0	83444.0
116.277828	40.109397	45.0	34631.22181586502	73.0	761.9677039041475	6.0	1108.0	43690.0	6123.0	120810.0
116.27775	40.109315	51.0	34508.70355668009	70.0	678.1075310413373	6.0	1109.0	32618.0	5987.0	90338.0
116.285907	40.102387	11.0	33645.19211031915	76.0	562.9354549078549	7.0	1201.0	43217.0	5987.0	120017.0
116.285432	40.102965	16.0	33664.04445714581	83.0	594.1768024159495	7.0	1202.0	45431.0	6110.0	123711.0
116.279506	40.108577	30.0	34925.533081020294	0.0	259.6957578174423	6.0	1203.0	28234.0	5992.0	75034.0
116.286112	40.103037	4.0	33596.54212884463	61.0	526.5372418154909	7.0	1203.0	40374.0	6126.0	111254.0
116.27162	40.113985	32.0	35334.93879349502	63.0	433.3285221750854	6.0	1203.0	40506.0	6126.0	111506.0
116.285652	40.10276	14.0	33908.309293856335	77.0	580.7480548315532	7.0	1204.0	39279.0	6110.0	105439.0
116.285127	40.103192	16.0	34093.357948385834	91.0	1516.9816042478374	7.0	1205.0	36100.0	6108.0	100140.0
116.277181	40.109262	71.0	35051.338367727345	59.0	663.9871125016065	6.0	1205.0	36143.0	6108.0	100223.0
116.278025	40.109155	17.0	34668.56639937312	81.0	713.4279691386798	6.0	1206.0	28868.0	6108.0	80108.0
116.276616	40.110342	20.0	34846.99422856394	18.0	9.996740912383899	6.0	1206.0	28895.0	6108.0	80135.0
116.276766	40.110125	62.0	34792.868964263405	0.0	355.60237364394163	6.0	1207.0	33961.0	5992.0	92601.0
116.278615	40.108637	18.0	34583.11934733732	77.0	653.0831671318666	6.0	1210.0	37662.0	6108.0	102742.0
116.286077	40.102815	2.0	34913.87125083239	68.0	555.6846641293819	7.0	1211.0	43098.0	5979.0	115818.0
116.286513	40.102275	1.0	33271.140636061886	45.0	472.11194549561395	7.0	1211.0	39623.0	6126.0	110023.0
116.278161	40.109057	36.0	34612.717750677206	65.0	651.641819507154	6.0	1212.0	37854.0	6119.0	103054.0
116.278026	40.10908	25.0	34617.691978940195	71.0	637.194056851415	6.0	1213.0	43328.0	5897.0	120208.0
116.275211	40.11169	114.0	34999.25999869067	70.0	390.20617561911433	6.0	1213.0	36543.0	5995.0	100903.0
116.278456	40.10881	45.0	34284.35013016724	72.0	655.1386407920594	6.0	1213.0	29577.0	6119.0	81257.0
116.272555	40.1133	2.0	35184.50768260215	93.0	826.9901010308382	6.0	1215.0	42759.0	5939.0	115239.0
116.286112	40.10201	15.0	33563.47463029091	91.0	738.3864052762294	7.0	1216.0	31629.0	5979.0	84709.0
116.285777	40.10237	15.0	32607.3013659722	82.0	664.7639529766943	7.0	1216.0	41506.0	6111.0	113146.0
116.277911	40.109295	41.0	34464.84549304038	64.0	612.8805254810219	6.0	1218.0	29401.0	6119.0	81001.0
116.28589	40.102449	41.0	33622.71337448721	78.0	671.9188210064109	7.0	1219.0	35915.0	5873.0	95835.0
116.285725	40.102625	28.0	34164.619223495785	75.0	690.2671007923706	7.0	1219.0	41369.0	5939.0	112929.0
116.285868	40.102485	27.0	32949.889250819375	79.0	611.8265071373405	7.0	1219.0	28720.0	6111.0	75840.0
116.276571	40.110375	8.0	34831.68548221603	6.0	887.7632636201871	6.0	1221.0	32337.0	5939.0	85857.0
116.27928	40.108295	25.0	34530.51090221224	83.0	702.3637908529347	6.0	1222.0	29134.0	5939.0	80534.0
116.277915	40.10917	11.0	34662.92994625647	95.0	793.4888910747156	6.0	1222.0	45254.0	6123.0	123414.0
116.28619	40.101907	15.0	33508.89763822273	90.0	771.9043894810595	7.0	1225.0	38730.0	5935.0	104530.0
116.285143	40.103457	2.0	35176.48873025281	70.0	534.2433627422058	7.0	1225.0	35027.0	6119.0	94347.0
116.276935	40.10989	4.0	34143.13748203297	96.0	789.982752629833	6.0	1226.0	44274.0	5979.0	121754.0
116.276931	40.109775	26.0	34816.19653683399	70.0	767.1970820622911	6.0	1226.0	40276.0	6115.0	111116.0
116.286252	40.10176	15.0	34037.26501824013	91.0	768.3808455743452	7.0	1227.0	36074.0	6115.0	100114.0
116.279121	40.108322	43.0	35966.63447675614	53.0	680.9418669674627	6.0	1228.0	40480.0	5987.0	111440.0
116.277795	40.109247	25.0	34977.84685998128	76.0	689.0000131394789	6.0	1229.0	41613.0	6108.0	113333.0
116.286073	40.101942	24.0	33913.9223063094	91.0	691.290909281058	7.0	1230.0	37237.0	5935.0	102037.0
116.287322	40.09993	30.0	33353.49322230236	12.0	577.568590428808	7.0	1230.0	36378.0	6110.0	100618.0
116.286908	40.100735	51.0	33488.46978241358	0.0	342.99843290515247	7.0	104.0	36261.0	5873.0	100421.0
116.285862	40.102307	6.0	33596.99987010004	74.0	660.605255655033	7.0	106.0	39350.0	5979.0	105550.0
116.285712	40.1028	45.0	35105.05951817066	72.0	661.0342835911634	7.0	106.0	44491.0	5992.0	122131.0
116.285592	40.10272	53.0	33750.13239433009	77.0	683.8760249589258	7.0	106.0	37325.0	6110.0	102205.0
116.285963	40.102327	16.0	33048.531042015115	75.0	659.9291197196983	7.0	108.0	42612.0	6115.0	115012.0
116.280948	40.1075	17.0	34244.13842257466	45.0	438.69796017015994	6.0	110.0	40063.0	5979.0	110743.0
116.28561	40.10298	14.0	34992.237214439076	86.0	1446.1138927689994	7.0	113.0	43384.0	6118.0	120304.0
116.277345	40.109724	14.0	34575.14698724375	40.0	627.6254939023779	6.0	115.0	40508.0	5873.0	111508.0
116.277808	40.1094	16.0	34103.82694434097	65.0	970.5994532272795	6.0	115.0	33344.0	6118.0	91544.0
116.278113	40.10904	7.0	33548.63174525593	68.0	659.8656955358204	6.0	116.0	41285.0	5995.0	112805.0
116.286588	40.10239	1.0	33665.2414694555	64.0	470.4041913039188	7.0	116.0	40571.0	6108.0	111611.0
116.286217	40.10175	2.0	33730.98266252484	97.0	799.674895670687	7.0	119.0	37451.0	6115.0	102411.0
116.277521	40.109555	31.0	34340.14585270893	56.0	626.1341382875272	6.0	120.0	41894.0	5995.0	113814.0
116.285377	40.103145	5.0	35102.62424059193	70.0	624.2341402741062	7.0	122.0	43692.0	5897.0	120812.0
116.28712	40.10033	30.0	33532.103103949274	0.0	379.85760775206376	7.0	124.0	38486.0	6111.0	104126.0
116.285543	40.10292	25.0	33742.44299854329	86.0	684.4489839299354	7.0	124.0	41659.0	6123.0	113419.0
116.285277	40.103245	1.0	35097.56937996482	84.0	706.3222166211978	7.0	126.0	41066.0	5979.0	112426.0
116.285127	40.103375	56.0	33834.635877122215	85.0	679.4075403892518	7.0	127.0	30578.0	5873.0	82938.0
116.286365	40.10134	1.0	33556.52698266306	94.0	454.2643461846973	7.0	127.0	29988.0	5935.0	81948.0
116.285437	40.10306	15.0	34642.18708288459	79.0	679.3932231058733	7.0	128.0	44161.0	5992.0	121601.0
116.27834	40.108955	1.0	34555.54029587167	76.0	713.4871429627741	6.0	129.0	31304.0	5939.0	84144.0
116.278008	40.109155	27.0	34686.870090130426	76.0	1050.1881818405152	6.0	129.0	28866.0	5987.0	80106.0
116.27637	40.110605	109.0	34236.64024908805	34.0	302.8480441149339	6.0	129.0	40580.0	6111.0	111620.0
