116.264725	40.120253	58.0	36701.89807293188	23.0	389.1542832228763	6.0	1101.0	40037.0	5979.0	110717.0
116.26477	40.120275	54.0	36248.25527387013	0.0	279.79631329094804	6.0	1101.0	38079.0	5992.0	103439.0
116.262765	40.12295	90.0	36614.7523301323	18.0	35.376377494131184	4.0	1101.0	38213.0	5992.0	103653.0
116.2626	40.131036	59.0	37517.52049533322	17.0	212.51414172864193	2.0	1101.0	38394.0	5992.0	103954.0
116.26241	40.130276	19.0	37220.317008603	93.0	755.6707405979658	2.0	1101.0	28790.0	6110.0	75950.0
116.26312	40.121838	57.0	37901.61452229773	9.0	13.048716888202572	5.0	1102.0	44555.0	5935.0	122235.0
116.263192	40.122321	22.0	38004.78006379715	7.0	9.012385964206567	5.0	1102.0	44618.0	5935.0	122338.0
116.26253	40.12422	30.0	38225.40924631098	0.0	175.15744179546724	4.0	1102.0	44700.0	5935.0	122500.0
116.262397	40.129846	15.0	37262.562390531144	94.0	1427.3340416171839	2.0	1102.0	41396.0	6115.0	112956.0
116.264077	40.121051	19.0	36895.73291794886	51.0	409.8739236849394	6.0	1103.0	44606.0	6118.0	122326.0
116.262577	40.123855	78.0	37260.49627986402	0.0	92.11102269892397	4.0	1103.0	44692.0	6118.0	122452.0
116.262547	40.129458	33.0	37884.61587209913	0.0	246.78159148822968	3.0	1103.0	44829.0	6118.0	122709.0
116.264795	40.120118	117.0	36217.103524328966	52.0	413.3722946532424	6.0	1103.0	36411.0	6123.0	100651.0
116.26232	40.128886	60.0	37267.36701471028	25.0	274.59727632387006	3.0	1103.0	36615.0	6123.0	101015.0
116.2624	40.130098	12.0	37492.844194290155	95.0	777.2441931958988	2.0	1104.0	42802.0	5987.0	115322.0
116.263735	40.121585	3.0	36992.705290069054	14.0	13.102915782734145	5.0	1105.0	31928.0	5939.0	85208.0
116.26274	40.12866	51.0	37794.33988031252	11.0	229.12123064050311	3.0	1105.0	32026.0	5939.0	85346.0
116.26522	40.119676	102.0	36323.59754222461	32.0	274.60314358291737	6.0	1105.0	35899.0	5987.0	95819.0
116.26258	40.124231	60.0	36889.069183847074	0.0	198.75480931934487	4.0	1105.0	36031.0	5987.0	100031.0
116.264212	40.120626	16.0	36630.351197192074	79.0	789.3044176666576	6.0	1105.0	44896.0	6108.0	122816.0
116.262175	40.123081	11.0	35505.836351826394	0.0	1118.6834046371137	4.0	1105.0	41548.0	6115.0	113228.0
116.263812	40.12133	60.0	35916.557090115566	0.0	97.49315753682744	5.0	1106.0	32681.0	5992.0	90441.0
116.263	40.122448	52.0	36064.16129834385	14.0	52.63893353601961	5.0	1106.0	32768.0	5992.0	90608.0
116.261695	40.127663	14.0	36763.22442217797	7.0	185.11565103194707	3.0	1106.0	32885.0	5992.0	90805.0
116.262375	40.131988	8.0	37257.167061215	41.0	270.1779886319931	2.0	1106.0	32949.0	5992.0	90909.0
116.264887	40.119861	14.0	36289.292847637116	87.0	1554.9510399307446	6.0	1106.0	29160.0	6110.0	80600.0
116.262402	40.130105	7.0	37471.86090819211	95.0	817.192185066523	2.0	1106.0	29209.0	6110.0	80649.0
116.264942	40.119961	314.0	36240.65166231829	37.0	287.03894822842926	6.0	1106.0	39554.0	6119.0	105914.0
116.262285	40.129321	60.0	37392.26197002841	0.0	289.0021910771914	3.0	1106.0	39928.0	6119.0	110528.0
116.26601	40.118775	62.0	36094.29135737603	0.0	158.46546121478147	6.0	1106.0	38038.0	6123.0	103358.0
116.263485	40.12164	135.0	36484.09293644537	0.0	33.875488950560836	5.0	1106.0	38170.0	6123.0	103610.0
116.26307	40.122455	76.0	36605.743055121406	9.0	5.737881020302795	5.0	1106.0	38308.0	6123.0	103828.0
116.262637	40.129568	30.0	37400.745266005055	28.0	257.94286037240926	2.0	1106.0	38444.0	6123.0	104044.0
116.262922	40.122271	6.0	37687.65122411552	83.0	640.3175468628131	5.0	1107.0	41513.0	5995.0	113153.0
116.262837	40.122168	4.0	36507.11218782832	78.0	652.2969060329438	5.0	1107.0	44661.0	6111.0	122421.0
116.264515	40.120545	53.0	36198.95810186501	19.0	308.9819019338497	6.0	1108.0	31064.0	5992.0	83744.0
116.2628	40.122836	35.0	36499.469866639854	8.0	154.13803812346148	4.0	1108.0	31150.0	5992.0	83910.0
116.262507	40.128868	30.0	37186.745489085275	0.0	505.0538246858857	3.0	1108.0	31265.0	5992.0	84105.0
116.26482	40.119993	15.0	36261.670392932276	92.0	970.4579329073938	6.0	1108.0	39023.0	6115.0	105023.0
116.26247	40.130055	14.0	37422.8898400389	92.0	789.090058959364	2.0	1108.0	39066.0	6115.0	105106.0
116.26465	40.120375	59.0	36592.32773661484	0.0	275.3993329843181	6.0	1108.0	36912.0	6118.0	101512.0
116.26362	40.121621	2.0	36757.37552834428	24.0	26.316833266688498	5.0	1108.0	36989.0	6118.0	101629.0
116.26246	40.126461	8.0	37342.124400636305	8.0	415.6380923693546	3.0	1108.0	37182.0	6118.0	101942.0
116.262122	40.128461	30.0	37566.71161156399	29.0	148.46385533667714	3.0	1108.0	37220.0	6118.0	102020.0
116.264585	40.120473	58.0	36307.44220420477	0.0	259.3415308166177	6.0	1108.0	43829.0	6123.0	121029.0
116.26289	40.122626	12.0	36480.27315519519	7.0	72.74853736337747	5.0	1109.0	32824.0	5987.0	90704.0
116.262844	40.123668	37.0	36596.278186619376	0.0	109.09361016284775	4.0	1109.0	32878.0	5987.0	90758.0
116.262525	40.128398	30.0	37169.71614738783	25.0	326.681980093993	3.0	1109.0	32969.0	5987.0	90929.0
116.265375	40.11949	21.0	35624.84920595541	43.0	332.70215675255986	6.0	1109.0	29206.0	5995.0	80646.0
116.26435	40.120706	26.0	35797.90043166881	19.0	29.27980976425304	6.0	1109.0	29254.0	5995.0	80734.0
116.262595	40.122781	82.0	36086.1098559018	17.0	65.15700895843615	5.0	1109.0	29308.0	5995.0	80828.0
116.262355	40.130631	14.0	39764.16407578807	66.0	668.408953778416	2.0	1109.0	39674.0	6110.0	110114.0
116.2646	40.120501	109.0	36052.81900823493	17.0	256.9644871550925	6.0	1110.0	36643.0	5897.0	101043.0
116.263335	40.121556	10.0	36229.75278476402	22.0	31.884783212890373	5.0	1110.0	36782.0	5897.0	101302.0
116.26307	40.121883	81.0	36302.6666380853	32.0	25.837735684579958	5.0	1110.0	36806.0	5897.0	101326.0
116.262555	40.128068	31.0	37466.8505817903	0.0	552.3428898571241	3.0	1110.0	36955.0	5897.0	101555.0
116.26365	40.121595	57.0	36880.05758761335	19.0	45.954634463625815	5.0	1110.0	38546.0	5979.0	104226.0
116.262777	40.124201	60.0	37205.591295991115	0.0	197.27911002586777	4.0	1110.0	38665.0	5979.0	104425.0
116.26247	40.129243	30.0	37780.66573441078	0.0	139.4890147368028	3.0	1110.0	38785.0	5979.0	104625.0
116.268378	40.116455	30.0	35726.010907064025	18.0	649.2244385064012	6.0	1110.0	29338.0	6118.0	80858.0
116.263632	40.121265	59.0	36420.48424042351	7.0	14.459950542111509	5.0	1110.0	29484.0	6118.0	81124.0
116.263545	40.122565	30.0	36566.24590665049	0.0	99.05702914862923	5.0	1110.0	29573.0	6118.0	81253.0
116.263065	40.12342	24.0	36672.40340998149	0.0	91.40139949989724	4.0	1110.0	29633.0	6118.0	81353.0
116.264642	40.120311	85.0	36079.19766646589	0.0	77.51269615751545	6.0	1201.0	39507.0	6108.0	105827.0
116.263842	40.122343	88.0	36370.204757335974	9.0	38.350439967938804	5.0	1201.0	39658.0	6108.0	110058.0
116.262385	40.129926	23.0	37319.6551670307	94.0	757.6816166770278	2.0	1201.0	28792.0	6110.0	75952.0
116.262477	40.131596	9.0	37703.48874348394	66.0	566.2561317436334	2.0	1202.0	38058.0	5873.0	103418.0
116.265362	40.11947	241.0	36155.56397068369	31.0	241.63265223755258	6.0	1202.0	33941.0	5979.0	92541.0
116.2628	40.122581	52.0	36596.9531286998	0.0	97.11634927303113	5.0	1202.0	34212.0	5979.0	93012.0
116.262295	40.127231	117.0	37148.50095197439	14.0	28.994533226147777	3.0	1202.0	34333.0	5979.0	93213.0
116.264795	40.120166	103.0	36921.55638682961	14.0	362.3274023951266	6.0	1202.0	34605.0	6108.0	93645.0
116.264582	40.120695	13.0	37007.951971945404	17.0	16.97455405887985	6.0	1202.0	34711.0	6108.0	93831.0
116.263822	40.122003	37.0	37178.52359476	22.0	17.48453502677757	5.0	1202.0	34736.0	6108.0	93856.0
116.26364	40.122846	12.0	37297.701145620296	20.0	24.65843951153405	4.0	1202.0	34789.0	6108.0	93949.0
116.26268	40.127183	64.0	37799.50373066907	15.0	257.48391089186913	3.0	1202.0	34863.0	6108.0	94103.0
116.26396	40.1212	48.0	36405.34428158256	0.0	416.564628490362	6.0	1202.0	28317.0	6119.0	75157.0
116.263207	40.121808	46.0	36517.722845579134	0.0	81.48339233296437	5.0	1202.0	28369.0	6119.0	75249.0
116.262162	40.13064	15.0	37453.798717416306	69.0	629.3053678592806	2.0	1203.0	35827.0	5873.0	95707.0
116.265012	40.119938	77.0	36274.8913718872	38.0	283.68144048457634	6.0	1203.0	32148.0	5987.0	85548.0
116.262745	40.122618	10.0	36633.97750971554	48.0	41.1805555790755	5.0	1203.0	32283.0	5987.0	85803.0
116.262165	40.123268	60.0	36780.27179705289	0.0	58.96565738125997	4.0	1203.0	32323.0	5987.0	85843.0
116.26452	40.120523	52.0	36931.730890735744	0.0	165.8357716034186	6.0	1203.0	42123.0	6118.0	114203.0
116.263337	40.122261	104.0	37152.04869870542	8.0	20.057886343944997	5.0	1203.0	42208.0	6118.0	114328.0
116.26243	40.131983	23.0	38270.03620005213	37.0	305.9314644755552	2.0	1203.0	42402.0	6118.0	114642.0
116.265245	40.119555	56.0	36162.35239700313	32.0	234.65812942851835	6.0	1203.0	40622.0	6126.0	111702.0
116.263292	40.121846	114.0	36468.73119915291	20.0	23.619988019545236	5.0	1203.0	40694.0	6126.0	111814.0
116.264155	40.12105	33.0	36066.452522951666	0.0	544.331080498159	6.0	1204.0	29984.0	5897.0	81944.0
116.263872	40.12175	4.0	36176.75751904833	23.0	24.88077459859513	5.0	1204.0	30145.0	5897.0	82225.0
116.26514	40.119723	77.0	36714.29470264116	0.0	183.27626616549418	6.0	1204.0	36308.0	5979.0	100508.0
116.26399	40.121251	6.0	36921.385328499025	0.0	139.7750732733877	5.0	1204.0	36415.0	5979.0	100655.0
116.263617	40.121523	103.0	36966.83474740338	10.0	37.58583959352584	5.0	1204.0	36440.0	5979.0	100720.0
116.2643	40.120718	80.0	36776.6977442152	0.0	217.24929900912065	6.0	1204.0	41267.0	5992.0	112747.0
116.263595	40.121536	57.0	36911.426457579255	13.0	16.834445337387066	5.0	1204.0	41357.0	5992.0	112917.0
116.26305	40.122221	113.0	37007.70908222336	0.0	34.6795907657457	5.0	1204.0	41437.0	5992.0	113037.0
116.262547	40.130295	30.0	37996.24287280895	0.0	102.62296625809243	2.0	1204.0	41683.0	5992.0	113443.0
116.263752	40.12124	50.0	36420.16102634126	0.0	416.30105151903956	6.0	1204.0	33202.0	6118.0	91322.0
116.26284	40.122196	18.0	36555.26753515	0.0	13.580508060273178	5.0	1204.0	33324.0	6118.0	91524.0
116.26193	40.12842	17.0	37262.78999477691	32.0	328.23042954868356	3.0	1204.0	33402.0	6118.0	91642.0
116.262897	40.122321	14.0	36659.22447807231	89.0	641.3782920415301	5.0	1205.0	37592.0	5987.0	102632.0
116.264147	40.120825	29.0	36808.48351553415	0.0	3694.032813428918	6.0	1205.0	43150.0	5992.0	115910.0
116.262882	40.12243	13.0	37078.593876610175	25.0	53.34451732623894	5.0	1205.0	43219.0	5992.0	120019.0
116.262177	40.123153	34.0	37197.47874726843	0.0	38.95811096772388	4.0	1205.0	43262.0	5992.0	120102.0
116.26246	40.131933	15.0	38180.56268550222	35.0	294.12027180725204	2.0	1205.0	43416.0	5992.0	120336.0
116.265265	40.11973	28.0	36626.547326049935	7.0	3.7901257071778587	6.0	1205.0	36439.0	6108.0	100719.0
116.263745	40.121396	45.0	36878.66303474593	0.0	49.43989905273624	5.0	1205.0	36583.0	6108.0	100943.0
116.262345	40.121798	18.0	37034.809950672134	10.0	10.815519567198157	5.0	1205.0	36665.0	6108.0	101105.0
116.26456	40.120361	53.0	36247.792940391286	11.0	274.1423654296072	6.0	1205.0	40766.0	6118.0	111926.0
116.26422	40.121481	30.0	36382.809126154265	0.0	62.92733990492975	5.0	1205.0	40853.0	6118.0	112053.0
116.261804	40.12315	67.0	36685.370366476214	0.0	172.38417342170115	4.0	1205.0	40916.0	6118.0	112156.0
116.262437	40.132123	14.0	37698.85129827946	44.0	341.9933653762468	2.0	1205.0	41081.0	6118.0	112441.0
116.2641	40.121145	7.0	37094.38696317146	0.0	115.05838585707131	6.0	1205.0	29424.0	6123.0	81024.0
116.263397	40.122061	240.0	37217.80390664746	10.0	101.75535851487192	5.0	1205.0	29497.0	6123.0	81137.0
116.26359	40.121296	9.0	36502.68010799639	24.0	700.9431886626566	6.0	1206.0	29068.0	6108.0	80428.0
116.262597	40.121748	70.0	36611.083490538906	17.0	24.643502964004107	5.0	1206.0	29081.0	6108.0	80441.0
116.262835	40.122331	76.0	36697.09763242817	7.0	9.509747149562491	5.0	1206.0	29158.0	6108.0	80558.0
116.261892	40.127876	61.0	37392.21164926842	26.0	555.091567869555	3.0	1206.0	29354.0	6108.0	80914.0
116.262367	40.129585	14.0	37590.06241437806	7.0	16.087056555876696	3.0	1206.0	29420.0	6108.0	81020.0
116.262487	40.130126	30.0	37651.34771053122	9.0	26.310155106983643	2.0	1206.0	29437.0	6108.0	81037.0
116.262385	40.129903	16.0	38859.07967340512	91.0	762.486258390601	2.0	1206.0	43866.0	6115.0	121106.0
116.268128	40.116565	60.0	35825.852197889726	32.0	453.3882245574213	6.0	1207.0	34082.0	5992.0	92802.0
116.26553	40.119343	91.0	36206.514962156616	0.0	85.26260022919858	6.0	1207.0	34202.0	5992.0	93002.0
116.26457	40.120481	210.0	36360.08642751323	0.0	129.11168516762936	6.0	1207.0	34322.0	5992.0	93202.0
116.263279	40.121468	167.0	36536.06205711628	10.0	3.3542874673577203	5.0	1207.0	34534.0	5992.0	93534.0
116.262385	40.123846	141.0	36831.089099117664	0.0	74.32859395991332	4.0	1207.0	34753.0	5992.0	93913.0
116.262555	40.126795	169.0	37170.65813529756	0.0	63.62959180000564	3.0	1207.0	34924.0	5992.0	94204.0
116.262545	40.129495	210.0	37473.675500567035	0.0	145.1624968942572	3.0	1207.0	35153.0	5992.0	94553.0
116.262372	40.130093	24.0	37170.7040276617	93.0	760.8916437282264	2.0	1207.0	44532.0	6126.0	122212.0
116.264742	40.120126	61.0	36275.232207375426	45.0	307.3822186108643	6.0	1208.0	43344.0	5992.0	120224.0
116.263184	40.122248	45.0	36554.28969031667	0.0	51.20312227488096	5.0	1208.0	43435.0	5992.0	120355.0
116.26329	40.122726	6.0	36611.44502407135	17.0	13.969617750644153	5.0	1208.0	43490.0	5992.0	120450.0
116.262375	40.131575	15.0	37620.62756722743	42.0	226.922817620461	2.0	1208.0	43612.0	5992.0	120652.0
116.265152	40.119588	57.0	36633.74124969093	34.0	329.183293066367	6.0	1208.0	43871.0	6108.0	121111.0
116.262352	40.129998	14.0	37389.674984638994	90.0	779.4584184043083	2.0	1209.0	28480.0	6118.0	75440.0
116.262315	40.1298	14.0	37353.71066414363	97.0	759.489767022888	2.0	1210.0	42682.0	5935.0	115122.0
116.264825	40.119896	4.0	36614.046054338825	94.0	790.7798235124689	6.0	1210.0	40993.0	5979.0	112313.0
116.264622	40.120211	77.0	36804.82930552584	41.0	286.42901171641813	6.0	1210.0	31917.0	5995.0	85157.0
116.263777	40.12146	54.0	32965.03498075777	21.0	15.812573139898051	5.0	1210.0	41846.0	6126.0	113726.0
116.262332	40.129988	24.0	37494.35637655207	89.0	767.3132121719989	2.0	1211.0	44017.0	5939.0	121337.0
116.264965	40.119923	17.0	37541.35847502839	0.0	193.72056266992436	6.0	1211.0	43263.0	5979.0	120103.0
116.263882	40.121316	41.0	37721.738283433355	19.0	128.27220555786408	5.0	1211.0	43298.0	5979.0	120138.0
116.263332	40.121485	167.0	37772.63398304978	7.0	18.890904726115046	5.0	1211.0	43344.0	5979.0	120224.0
116.263055	40.123356	56.0	38021.77644469939	10.0	3.6915475466275405	4.0	1211.0	43513.0	5979.0	120513.0
116.264447	40.120433	90.0	36421.41946812241	0.0	174.2921180089262	6.0	1211.0	41677.0	5987.0	113437.0
116.262835	40.122718	22.0	36747.21044315996	0.0	135.57991009525668	5.0	1211.0	41808.0	5987.0	113648.0
116.26284	40.122796	39.0	36782.927292802866	30.0	14.21745197302168	4.0	1211.0	41841.0	5987.0	113721.0
116.262429	40.131695	5.0	37783.497152318596	35.0	251.68831207887294	2.0	1211.0	42000.0	5987.0	114000.0
116.267381	40.117293	30.0	37221.5010337518	0.0	99.76016515580731	6.0	1211.0	35976.0	5992.0	95936.0
116.264875	40.120035	59.0	37593.76699660727	0.0	163.71342289501987	6.0	1211.0	36067.0	5992.0	100107.0
116.26392	40.121435	102.0	37770.92454727113	18.0	33.117141678826	5.0	1211.0	36152.0	5992.0	100232.0
116.262852	40.123161	28.0	37990.08729565749	7.0	12.669661373585162	4.0	1211.0	36286.0	5992.0	100446.0
116.268456	40.116265	12.0	36752.03503060614	56.0	536.450009749969	6.0	1211.0	40416.0	5995.0	111336.0
116.264357	40.120501	15.0	37339.403462584494	27.0	151.58380978026818	6.0	1211.0	40489.0	5995.0	111449.0
116.263615	40.121373	57.0	37456.43112027701	0.0	38.99894242734196	5.0	1211.0	40534.0	5995.0	111534.0
116.26339	40.12219	76.0	37602.505400810725	9.0	28.29507893824941	5.0	1211.0	40642.0	5995.0	111722.0
116.266505	40.117995	42.0	35720.25233185824	64.0	747.3100079212952	6.0	1211.0	39750.0	6126.0	110230.0
116.26349	40.12149	12.0	36189.77678990486	41.0	39.2573902959823	5.0	1211.0	39842.0	6126.0	110402.0
116.264215	40.1207	102.0	37884.9416523366	11.0	234.23244825451252	6.0	1212.0	44861.0	5897.0	122741.0
116.26301	40.122401	72.0	38171.99896361866	0.0	49.30036633645747	5.0	1212.0	45041.0	5897.0	123041.0
116.262435	40.131766	10.0	39224.91539856256	44.0	326.3855638231783	2.0	1212.0	45215.0	5897.0	123335.0
116.265615	40.118848	1.0	36541.92385614244	94.0	2310.396580093869	6.0	1212.0	39635.0	6115.0	110035.0
116.26427	40.120873	17.0	36335.046860043345	35.0	251.91520182627536	6.0	1212.0	36372.0	6118.0	100612.0
116.262745	40.122881	127.0	36607.939275248376	0.0	139.6410326268546	4.0	1212.0	36455.0	6118.0	100735.0
116.26252	40.128661	60.0	37286.61362853837	35.0	367.6254489080065	3.0	1212.0	36629.0	6118.0	101029.0
116.2624	40.132413	16.0	37705.95269288445	46.0	290.8543506320227	2.0	1212.0	36719.0	6118.0	101159.0
116.264535	40.120596	81.0	36350.643488636015	0.0	367.95974566331137	6.0	1212.0	38031.0	6119.0	103351.0
116.262297	40.124033	55.0	36804.98335938611	9.0	11.282856648284199	4.0	1212.0	38130.0	6119.0	103530.0
116.262254	40.128155	29.0	37273.6088871994	37.0	301.97226428081865	3.0	1212.0	38240.0	6119.0	103720.0
116.262415	40.131915	13.0	37692.958764437775	42.0	277.61730239274624	2.0	1212.0	38300.0	6119.0	103820.0
116.26342	40.121773	93.0	36510.03593914283	9.0	359.31528294348726	5.0	1213.0	43473.0	5897.0	120433.0
116.262865	40.122998	27.0	36695.02778260468	0.0	32.94500851890269	4.0	1213.0	43609.0	5897.0	120649.0
116.263187	40.122441	9.0	36874.964640597034	7.0	92.11551127039098	5.0	1213.0	40037.0	5992.0	110717.0
116.2631	40.12288	70.0	36930.27515574406	12.0	9.660918793671483	4.0	1213.0	40053.0	5992.0	110733.0
116.263504	40.12179	63.0	36519.52315283581	32.0	56.96553789152636	5.0	1213.0	36726.0	5995.0	101206.0
116.264645	40.120376	14.0	36034.29702311279	39.0	253.60642172383902	6.0	1213.0	29755.0	6119.0	81555.0
116.263975	40.121315	36.0	36165.30797337588	11.0	6.797179197402536	5.0	1213.0	29772.0	6119.0	81612.0
116.263225	40.12165	79.0	36240.989103284686	25.0	24.204089416965985	5.0	1213.0	29813.0	6119.0	81653.0
116.26265	40.128153	29.0	37020.402552341475	0.0	248.23394139992558	3.0	1213.0	29953.0	6119.0	81913.0
116.26473	40.120068	12.0	36301.90628714578	95.0	790.0178624506325	6.0	1213.0	40748.0	6123.0	111908.0
116.26486	40.120203	20.0	36258.91271645863	51.0	243.51250753374845	6.0	1214.0	29472.0	5939.0	81112.0
116.263455	40.121725	10.0	36466.52058075988	0.0	47.418400526072304	5.0	1214.0	29522.0	5939.0	81202.0
116.262334	40.122236	5.0	36579.030554546356	7.0	19.985090417509483	5.0	1214.0	29535.0	5939.0	81215.0
116.262299	40.122675	3.0	36716.230533139686	10.0	22.278709631172315	4.0	1214.0	29597.0	5939.0	81317.0
116.262472	40.128415	61.0	37359.26507066182	12.0	189.66564771213433	3.0	1214.0	29663.0	5939.0	81423.0
116.26285	40.122561	36.0	36682.96260010823	12.0	15.278289839858239	5.0	1214.0	35904.0	5992.0	95824.0
116.262445	40.128375	63.0	37367.48964135249	17.0	333.3781724902333	3.0	1214.0	35994.0	5992.0	95954.0
116.26318	40.121641	66.0	36507.2690726513	0.0	39.7327713744144	5.0	1214.0	32546.0	6119.0	90226.0
116.26313	40.122118	103.0	36562.01509189203	8.0	25.403117038260564	5.0	1214.0	32623.0	6119.0	90343.0
116.263135	40.12231	12.0	36349.357650144164	0.0	63.195990277992195	5.0	1215.0	29392.0	5992.0	80952.0
116.262242	40.13002	15.0	37425.063352383164	91.0	764.2971140737321	2.0	1215.0	36361.0	6115.0	100601.0
116.238875	40.108757	61.0	33182.68519137905	60.0	538.8296791245904	6.0	1215.0	41338.0	6118.0	112858.0
116.266302	40.11835	61.0	36192.4219349097	0.0	163.77676830726682	6.0	1216.0	41743.0	5897.0	113543.0
116.263975	40.121031	119.0	36550.502457623494	8.0	242.39069897701035	6.0	1216.0	41849.0	5897.0	113729.0
116.262517	40.129458	20.0	37563.59957825302	0.0	742.6150912256032	3.0	1216.0	42229.0	5897.0	114349.0
116.26409	40.120796	104.0	36747.64930603881	9.0	20.675403928854887	6.0	1216.0	33412.0	6108.0	91652.0
116.26419	40.121713	49.0	36879.201319074	37.0	63.091863753240816	5.0	1216.0	33530.0	6108.0	91850.0
116.26251	40.12284	35.0	37108.68063294692	0.0	37.02028528324173	4.0	1216.0	33636.0	6108.0	92036.0
116.262717	40.123456	17.0	37191.59361524004	28.0	20.357700725093622	4.0	1216.0	33674.0	6108.0	92114.0
116.262875	40.122156	34.0	36607.848995990986	13.0	18.398541372165372	5.0	1217.0	35532.0	6111.0	95212.0
116.266055	40.11869	72.0	36139.506830822196	39.0	442.65118066557847	6.0	1218.0	40431.0	5939.0	111351.0
116.263715	40.1213	51.0	36493.36853928272	9.0	28.069499813867857	6.0	1218.0	40529.0	5939.0	111529.0
116.263365	40.121723	21.0	36608.090050471736	25.0	66.3038411320616	5.0	1218.0	40616.0	5939.0	111656.0
116.26212	40.12254	53.0	36833.50981808839	0.0	99.49770475565776	5.0	1218.0	40686.0	5939.0	111806.0
116.262695	40.12312	14.0	36942.759582587474	9.0	17.602086567602253	4.0	1218.0	40757.0	5939.0	111917.0
116.262405	40.132258	14.0	37963.30437526741	52.0	312.54948145078765	2.0	1218.0	40889.0	5939.0	112129.0
116.263904	40.121596	116.0	38220.51903160292	18.0	18.581266342698477	5.0	1218.0	35309.0	5979.0	94829.0
116.262365	40.130285	14.0	37557.01468587972	91.0	789.6270980587558	2.0	1218.0	41378.0	5987.0	112938.0
116.264192	40.120896	87.0	36214.76017746386	0.0	238.2092958653436	6.0	1218.0	29555.0	6119.0	81235.0
116.262312	40.122246	53.0	36456.04550773556	35.0	39.70121999827063	5.0	1218.0	29654.0	6119.0	81414.0
116.265165	40.119751	60.0	37687.602507839736	34.0	334.2741242851112	6.0	1219.0	35109.0	5897.0	94509.0
116.262844	40.122983	89.0	38110.876042333504	21.0	19.297833272848123	4.0	1219.0	35278.0	5897.0	94758.0
116.26263	40.126411	39.0	38493.84254529626	12.0	194.32167432254766	3.0	1219.0	35397.0	5897.0	94957.0
116.26261	40.128613	58.0	38739.05903365805	21.0	164.21201978328133	3.0	1219.0	35467.0	5897.0	95107.0
116.263002	40.12246	29.0	35922.03651273017	76.0	642.6954551679835	5.0	1219.0	28855.0	6111.0	80055.0
116.262429	40.127178	30.0	36449.80458794584	14.0	103.205745827219	3.0	1219.0	28939.0	6111.0	80219.0
116.265255	40.119666	72.0	36258.19880469383	20.0	257.5315415925723	6.0	1220.0	39997.0	5992.0	110637.0
116.262855	40.12249	51.0	36681.82414583116	0.0	54.97794456103398	5.0	1220.0	40137.0	5992.0	110857.0
116.262375	40.129795	1.0	37772.40626902067	94.0	1286.2889932666383	2.0	1220.0	41200.0	6115.0	112640.0
116.264272	40.120788	52.0	37092.33168464649	0.0	114.71373886951811	6.0	1220.0	29165.0	6123.0	80605.0
116.26377	40.121586	10.0	37192.031271512766	12.0	32.66210635638607	5.0	1220.0	29232.0	6123.0	80712.0
116.263187	40.122135	9.0	37278.05792213768	9.0	37.507223826046875	5.0	1220.0	29273.0	6123.0	80753.0
116.262005	40.126848	5.0	37845.59543523858	7.0	494.85323370862915	3.0	1220.0	29377.0	6123.0	80937.0
116.262217	40.128758	30.0	38058.88399861153	0.0	179.51404826109382	3.0	1220.0	29412.0	6123.0	81012.0
116.264715	40.120231	43.0	36280.18399504659	16.0	28.028077190450347	6.0	1221.0	43586.0	5897.0	120626.0
116.264465	40.120436	17.0	36361.63224369699	48.0	353.90985734538987	6.0	1221.0	32443.0	5939.0	90043.0
116.262997	40.12276	80.0	36664.383188717795	0.0	65.45569136328385	5.0	1221.0	32520.0	5939.0	90200.0
116.262492	40.131833	18.0	37739.12255978164	29.0	235.4845326074194	2.0	1221.0	32720.0	5939.0	90520.0
116.264597	40.120425	56.0	36375.52745492669	10.0	274.4037616468423	6.0	1222.0	29317.0	5939.0	80837.0
116.26262	40.122118	14.0	36632.76490474925	16.0	31.4164433667488	5.0	1222.0	29377.0	5939.0	80937.0
116.262062	40.122921	7.0	36738.11409307136	0.0	52.115694825204926	5.0	1222.0	29421.0	5939.0	81021.0
116.262532	40.124146	60.0	36929.23085021476	0.0	107.9273122744351	4.0	1222.0	29476.0	5939.0	81116.0
116.262485	40.131701	28.0	37770.84557128435	41.0	231.5394214514299	2.0	1222.0	29626.0	5939.0	81346.0
116.262277	40.129905	16.0	37477.62358197123	93.0	776.8172295095004	2.0	1222.0	39394.0	5987.0	105634.0
116.264737	40.12022	119.0	36447.066864072265	0.0	140.0407019744651	6.0	1222.0	41866.0	6119.0	113746.0
116.26261	40.12259	109.0	36806.24148806487	12.0	9.390381907857696	5.0	1222.0	42030.0	6119.0	114030.0
116.262385	40.130033	15.0	37469.30033282687	85.0	767.4502321180721	2.0	1222.0	45361.0	6123.0	123601.0
116.26469	40.120326	137.0	36267.622940843	41.0	315.8178189387008	6.0	1223.0	35572.0	5939.0	95252.0
116.262555	40.122731	12.0	36614.647068821636	0.0	65.90018544193346	5.0	1223.0	35747.0	5939.0	95547.0
116.262867	40.123815	33.0	36744.43782587146	0.0	93.97796209022144	4.0	1223.0	35787.0	5939.0	95627.0
116.262235	40.12895	60.0	37318.89318060215	37.0	52.29425972658606	3.0	1223.0	35868.0	5939.0	95748.0
116.264332	40.120515	58.0	36388.40475595147	23.0	384.82412041439903	6.0	1223.0	40816.0	6108.0	112016.0
116.262555	40.121411	41.0	36706.144034570214	0.0	81.497444730706	5.0	1223.0	40943.0	6108.0	112223.0
116.262495	40.130551	15.0	37513.643033202214	75.0	670.5800655570399	2.0	1224.0	28376.0	5873.0	75256.0
116.262429	40.130405	22.0	37474.5063484355	88.0	766.7770235670595	2.0	1224.0	35455.0	6126.0	95055.0
116.26457	40.12017	21.0	37856.925041710136	84.0	717.0778032052058	6.0	1225.0	43708.0	6111.0	120828.0
116.269163	40.11564	1.0	35063.41853639737	95.0	812.8384625035145	6.0	1226.0	44322.0	5979.0	121842.0
116.26435	40.12046	21.0	36419.04137246622	9.0	34.39009992107558	6.0	1226.0	37770.0	6108.0	102930.0
116.264045	40.12184	101.0	36575.27234011345	28.0	63.463170448757445	5.0	1226.0	37793.0	6108.0	102953.0
116.262197	40.124733	11.0	37044.7529361356	21.0	180.96143684491233	3.0	1226.0	37926.0	6108.0	103206.0
116.264695	40.120181	36.0	36714.267067150584	0.0	238.44828219211414	6.0	1227.0	39574.0	5897.0	105934.0
116.263467	40.121671	28.0	36924.67994618908	15.0	12.796383594842808	5.0	1227.0	39646.0	5897.0	110046.0
116.264937	40.119913	43.0	35915.58471209475	0.0	234.7008716467585	6.0	1227.0	41764.0	5995.0	113604.0
116.263572	40.1215	6.0	36141.52758907237	17.0	19.60712459837223	5.0	1227.0	41817.0	5995.0	113657.0
116.262985	40.122148	22.0	36239.538387237655	0.0	55.71636222228168	5.0	1227.0	41854.0	5995.0	113734.0
116.26244	40.129858	15.0	40957.491675859295	90.0	788.3894883236759	2.0	1228.0	44233.0	6108.0	121713.0
116.264585	40.120521	63.0	38980.58285826411	0.0	248.33422468606548	6.0	1228.0	41520.0	6111.0	113200.0
116.263427	40.12163	84.0	39148.27881578038	20.0	24.960834624371806	5.0	1228.0	41586.0	6111.0	113306.0
116.263165	40.122471	127.0	39296.70240299753	6.0	16.77430782162161	5.0	1228.0	41688.0	6111.0	113448.0
116.262465	40.132228	20.0	40440.08542383715	15.0	10.490869022358764	2.0	1228.0	41925.0	6111.0	113845.0
116.262355	40.1298	13.0	37271.645105334486	94.0	778.4384827355915	2.0	1228.0	32690.0	6119.0	90450.0
116.263712	40.12111	82.0	36665.54449929653	50.0	457.0725186728143	6.0	1229.0	32270.0	5873.0	85750.0
116.261815	40.123076	8.0	36983.073982654045	22.0	12.580518423159475	4.0	1229.0	32371.0	5873.0	85931.0
116.262187	40.131856	14.0	38054.4911536061	45.0	1005.6712080690062	2.0	1229.0	32548.0	5873.0	90228.0
116.264555	40.120155	15.0	36271.32106554768	79.0	716.1488820851871	6.0	1229.0	43105.0	5897.0	115825.0
116.26367	40.121493	32.0	36618.59152736409	28.0	177.6910669862574	5.0	1229.0	38978.0	5939.0	104938.0
116.262757	40.126053	21.0	37327.90694990635	36.0	262.392790957646	3.0	1229.0	39116.0	5939.0	105156.0
116.26253	40.131498	16.0	37934.2863189029	46.0	223.9016992431444	2.0	1229.0	39203.0	5939.0	105323.0
116.26454	40.120381	42.0	36334.41182752582	36.0	280.3365688638486	6.0	1229.0	44585.0	5987.0	122305.0
116.263679	40.121751	82.0	36506.425566159465	12.0	46.49453713938352	5.0	1229.0	44637.0	5987.0	122357.0
116.262995	40.122768	144.0	36662.08004023624	0.0	89.15064882732328	4.0	1229.0	44755.0	5987.0	122555.0
116.262687	40.121806	29.0	36901.860088940855	19.0	61.08569880727761	5.0	1229.0	41829.0	6108.0	113709.0
116.262547	40.122436	60.0	36974.174896129545	7.0	6.93574488850931	5.0	1229.0	41871.0	6108.0	113751.0
116.264712	40.120056	88.0	36252.659164066856	40.0	368.41966288317	6.0	1229.0	35788.0	6110.0	95628.0
116.26361	40.121773	29.0	36467.74863298461	21.0	13.412112867818083	5.0	1229.0	35890.0	6110.0	95810.0
116.26298	40.123325	60.0	36650.4492842392	15.0	54.13009381673724	4.0	1229.0	35932.0	6110.0	95852.0
116.262945	40.1246	30.0	36793.29136588867	0.0	106.97852886592543	3.0	1229.0	36022.0	6110.0	100022.0
116.26259	40.128578	20.0	37237.21897386797	0.0	214.50401598863854	3.0	1229.0	36092.0	6110.0	100132.0
116.2643	40.120565	21.0	36405.47788180225	80.0	606.7726780092523	6.0	1229.0	28491.0	6119.0	75451.0
116.26235	40.130008	14.0	37545.22795219565	91.0	778.0765344742241	2.0	1229.0	41249.0	6123.0	112729.0
116.262287	40.130515	15.0	37605.960439080154	76.0	644.5350044776512	2.0	1231.0	43846.0	5939.0	121046.0
116.26192	40.12151	59.0	30409.988647973918	0.0	240.4982852649896	5.0	1231.0	28301.0	5995.0	75141.0
116.262487	40.12902	220.0	38476.31398170165	31.0	233.0371146747306	3.0	104.0	35260.0	5897.0	94740.0
116.263279	40.121823	53.0	36513.35234013438	19.0	22.2933771439785	5.0	104.0	43092.0	5992.0	115812.0
116.26302	40.122758	96.0	36621.02563685583	13.0	30.193786594006884	5.0	104.0	43155.0	5992.0	115915.0
116.26235	40.130118	21.0	36387.985811279716	92.0	759.0068000668144	2.0	105.0	34539.0	6118.0	93539.0
116.264917	40.120005	60.0	36316.82045335916	22.0	252.81565714720955	6.0	106.0	28092.0	6123.0	74812.0
116.263827	40.121298	8.0	36488.15677660712	0.0	105.20917833910714	6.0	106.0	28182.0	6123.0	74942.0
116.26295	40.121598	57.0	36576.97650426983	12.0	15.691004805362626	5.0	106.0	28210.0	6123.0	75010.0
116.26285	40.122495	22.0	36687.38710849789	0.0	73.09945696585179	5.0	106.0	28291.0	6123.0	75131.0
116.26236	40.132263	17.0	37790.54306960525	46.0	316.321155930567	2.0	106.0	28404.0	6123.0	75324.0
116.2624	40.130165	15.0	37532.88791780842	91.0	774.1241803373241	2.0	107.0	50307.0	5939.0	135827.0
116.26407	40.120895	11.0	36364.78960946321	48.0	405.964396974196	6.0	107.0	27702.0	6118.0	74142.0
116.262115	40.121968	10.0	36659.92023295281	22.0	63.59709591021276	5.0	107.0	27771.0	6118.0	74251.0
116.26564	40.119183	18.0	36091.537672057755	23.0	375.94740514940645	6.0	110.0	40223.0	5979.0	111023.0
116.266135	40.121455	48.0	36763.01511345854	0.0	70.19714871353601	4.0	110.0	40334.0	5979.0	111214.0
116.264955	40.119913	46.0	35631.57232756316	32.0	388.3946892095384	6.0	110.0	42371.0	5995.0	114611.0
116.26358	40.121576	30.0	35869.55819758301	9.0	10.479071043108704	5.0	110.0	42433.0	5995.0	114713.0
116.26344	40.121546	32.0	36520.49210879036	21.0	78.1383114339678	5.0	112.0	38934.0	5897.0	104854.0
116.262297	40.123305	53.0	36776.82160552571	20.0	30.989502760183196	4.0	112.0	38991.0	5897.0	104951.0
116.262232	40.131848	12.0	37755.704508634975	42.0	347.71130689911126	2.0	112.0	39134.0	5897.0	105214.0
116.26232	40.12987	15.0	37409.37279588308	90.0	796.9801790149561	2.0	112.0	32687.0	5935.0	90447.0
116.262922	40.122728	40.0	36890.25140032934	17.0	25.964631609998094	5.0	112.0	35314.0	5992.0	94834.0
116.26314	40.128891	29.0	37617.813234736444	7.0	192.8691714928102	3.0	112.0	35435.0	5992.0	95035.0
116.26233	40.130283	28.0	37999.21052847362	80.0	693.1878178798527	2.0	112.0	36909.0	6119.0	101509.0
116.270536	40.1145	18.0	35524.71196902765	98.0	757.769241553631	6.0	113.0	35330.0	5935.0	94850.0
116.264435	40.120641	30.0	36427.61906469216	47.0	320.938662157593	6.0	113.0	30615.0	5992.0	83015.0
116.26324	40.121856	64.0	36598.01427219634	12.0	20.042380422206694	5.0	113.0	30656.0	5992.0	83056.0
116.261995	40.127838	48.0	37287.5845453947	37.0	255.49839423456743	3.0	113.0	30804.0	5992.0	83324.0
116.26238	40.130445	15.0	38786.17606599446	87.0	681.5982467225988	2.0	113.0	43559.0	6118.0	120559.0
116.262395	40.130181	14.0	37461.944728030874	87.0	765.9154336690231	2.0	114.0	30253.0	5979.0	82413.0
116.264667	40.12019	27.0	36387.63234885067	12.0	223.66353319737675	6.0	114.0	35929.0	5992.0	95849.0
116.2626	40.127783	20.0	37285.30378027003	20.0	206.15138377815722	3.0	114.0	36098.0	5992.0	100138.0
116.262635	40.128483	30.0	37363.24498811211	15.0	31.513307490906563	3.0	114.0	36119.0	5992.0	100159.0
116.263367	40.121593	16.0	35877.10413292543	23.0	15.28066782608644	5.0	114.0	39279.0	5995.0	105439.0
116.26254	40.121648	59.0	35967.745502415906	17.0	11.518131268744314	5.0	114.0	39300.0	5995.0	105500.0
116.262592	40.122653	5.0	36080.88700017393	15.0	20.36113934974822	4.0	114.0	39369.0	5995.0	105609.0
116.26345	40.121158	24.0	36317.19854043891	27.0	63.098084965771214	6.0	115.0	40660.0	5873.0	111740.0
116.26253	40.122525	64.0	36610.77692472945	10.0	12.505968990718637	4.0	115.0	40724.0	5873.0	111844.0
116.26231	40.127933	47.0	37213.94610107122	34.0	309.5692083117548	3.0	115.0	40861.0	5873.0	112101.0
116.262355	40.130033	15.0	37045.05682749105	89.0	1513.9554883893754	2.0	115.0	34471.0	5935.0	93431.0
116.262365	40.131198	14.0	37613.39262258718	60.0	578.8107447531644	2.0	115.0	39676.0	6111.0	110116.0
116.263975	40.12133	131.0	35888.951701249236	0.0	172.44567908649088	5.0	115.0	33534.0	6118.0	91854.0
116.26211	40.123133	47.0	36193.74229618476	18.0	41.8564720118811	4.0	115.0	33673.0	6118.0	92113.0
116.26246	40.132141	16.0	37198.702313577676	37.0	249.5219933668806	2.0	115.0	33840.0	6118.0	92400.0
116.26233	40.129851	12.0	37217.24526893407	94.0	783.8653761532711	2.0	116.0	38172.0	5987.0	103612.0
116.264055	40.121183	41.0	36520.9156066861	28.0	78.57319664485097	6.0	116.0	40760.0	6108.0	111920.0
116.26325	40.120596	17.0	36766.01602037394	31.0	11.85255692730494	5.0	116.0	40936.0	6108.0	112216.0
116.262285	40.1298	17.0	37104.90296929208	83.0	759.7993978653192	3.0	117.0	39950.0	5873.0	110550.0
116.264675	40.120285	234.0	36283.545713040716	44.0	431.44242694055663	6.0	117.0	31898.0	5987.0	85138.0
116.26252	40.131755	30.0	37744.034940404366	0.0	176.91816493948556	2.0	117.0	32279.0	5987.0	85759.0
116.264897	40.119916	57.0	36839.26594176359	16.0	371.32978113069623	6.0	117.0	36879.0	6119.0	101439.0
116.262895	40.122496	51.0	37184.94440264911	12.0	89.13380927628835	5.0	117.0	36959.0	6119.0	101559.0
116.262395	40.12851	30.0	37869.982492237745	0.0	260.1647444839047	3.0	117.0	37080.0	6119.0	101800.0
116.26276	40.122406	76.0	36716.57259036864	42.0	44.54442488282675	5.0	118.0	34129.0	5897.0	92849.0
116.26259	40.1293	30.0	37625.32660665968	0.0	192.56216840386864	3.0	118.0	34275.0	5897.0	93115.0
116.26323	40.121451	7.0	36612.5424909574	6.0	19.685993518424688	5.0	118.0	36471.0	5939.0	100751.0
116.26268	40.122801	30.0	36829.355488550114	0.0	83.3391521074878	4.0	118.0	36517.0	5939.0	100837.0
116.262707	40.129405	60.0	37576.22217678324	8.0	229.78327495648603	3.0	118.0	36638.0	5939.0	101038.0
116.264255	40.12072	136.0	36056.094462557616	45.0	434.5320815953377	6.0	118.0	41214.0	5979.0	112654.0
116.26533	40.119441	73.0	36256.551869684496	37.0	403.8739756444873	6.0	118.0	43248.0	5987.0	120048.0
116.263157	40.122216	48.0	36618.9866407394	16.0	167.0216115784266	5.0	118.0	43345.0	5987.0	120225.0
116.26252	40.123276	38.0	36796.86319849854	23.0	44.43400175607427	4.0	118.0	43396.0	5987.0	120316.0
116.262387	40.128618	255.0	37391.56927891841	31.0	292.8464544637033	3.0	118.0	43493.0	5987.0	120453.0
116.264285	40.120726	90.0	36390.44424580798	0.0	177.3127070780899	6.0	118.0	44523.0	5992.0	122203.0
116.263469	40.12187	53.0	36551.70767826562	21.0	19.558294178487717	5.0	118.0	44626.0	5992.0	122346.0
116.262524	40.124173	66.0	36823.884059004115	0.0	109.65497272847823	4.0	118.0	44709.0	5992.0	122509.0
116.262262	40.131276	20.0	37617.182884189475	50.0	325.0026077682771	2.0	118.0	44829.0	5992.0	122709.0
116.266125	40.118555	50.0	35226.833278402955	45.0	466.43782933938843	6.0	119.0	39699.0	5979.0	110139.0
116.263885	40.121243	48.0	35582.39612270317	13.0	5.23213308969852	6.0	119.0	39783.0	5979.0	110303.0
116.263152	40.121631	55.0	35663.55531267261	14.0	28.51345474446696	5.0	119.0	39880.0	5979.0	110440.0
116.264645	40.120325	85.0	36310.35197996509	0.0	176.44096768521345	6.0	119.0	41024.0	5995.0	112344.0
116.26263	40.123023	22.0	36670.54324592917	89.0	425.644290351525	4.0	119.0	36443.0	6123.0	100723.0
116.267906	40.116452	2.0	35940.24453468391	67.0	610.1041768752121	6.0	120.0	35834.0	5873.0	95714.0
116.265315	40.119551	82.0	36270.12116503456	0.0	399.27399414658555	6.0	120.0	28985.0	5897.0	80305.0
116.263845	40.12175	69.0	36551.02745444853	15.0	39.08716386691088	5.0	120.0	29068.0	5897.0	80428.0
116.265287	40.119593	189.0	35874.92729016644	0.0	247.16148506536226	6.0	120.0	42058.0	5995.0	114058.0
116.263485	40.122296	46.0	36232.13853506058	10.0	1.7584427672881444	5.0	120.0	42255.0	5995.0	114415.0
116.264897	40.120081	52.0	36198.10600074654	36.0	353.62652056056015	6.0	121.0	44046.0	5897.0	121406.0
116.263545	40.121621	12.0	36404.536310561874	14.0	136.07371458306977	5.0	121.0	44121.0	5897.0	121521.0
116.262722	40.1228	57.0	36567.73446064814	13.0	10.961902421519683	4.0	121.0	44176.0	5897.0	121616.0
116.26254	40.129203	59.0	37289.76406119112	15.0	45.406811030475275	3.0	121.0	44307.0	5897.0	121827.0
116.26469	40.120003	7.0	36219.47532701367	89.0	747.9801549459334	6.0	121.0	42540.0	5935.0	114900.0
116.26407	40.120928	77.0	35982.55999599231	0.0	240.86693042410207	6.0	121.0	30818.0	5992.0	83338.0
116.262487	40.131415	19.0	37190.844651953186	38.0	294.3545554690983	2.0	121.0	31081.0	5992.0	83801.0
116.26367	40.121261	12.0	37847.6397253608	71.0	588.8987254636093	5.0	122.0	43816.0	5897.0	121016.0
116.263965	40.121	17.0	36486.16018895616	12.0	157.0672330496229	6.0	122.0	34264.0	5987.0	93104.0
116.26331	40.121363	18.0	36561.73375790388	0.0	35.136615561663525	5.0	122.0	34311.0	5987.0	93151.0
116.2628	40.121936	64.0	36640.87253945686	0.0	36.0487663649295	5.0	122.0	34366.0	5987.0	93246.0
116.262707	40.122691	13.0	36762.79970840188	30.0	11.23091357688374	5.0	122.0	34435.0	5987.0	93355.0
116.26232	40.129173	84.0	37529.57841332618	0.0	60.651799140388576	3.0	122.0	34544.0	5987.0	93544.0
116.264827	40.120086	117.0	36233.35877784162	41.0	346.4847959403442	6.0	122.0	36915.0	5992.0	101515.0
116.263055	40.122743	21.0	36567.143705061644	0.0	111.9508116476554	4.0	122.0	37068.0	5992.0	101748.0
116.262575	40.129418	90.0	37312.015867584894	17.0	156.10438780767433	3.0	122.0	37184.0	5992.0	101944.0
116.262457	40.132201	23.0	37621.941159291215	32.0	167.54222405693028	2.0	122.0	37302.0	5992.0	102142.0
116.263999	40.12078	1.0	36448.00173952724	91.0	775.3557326760643	6.0	123.0	37848.0	6115.0	103048.0
116.262312	40.130043	15.0	37502.19355878366	90.0	774.3055055717723	2.0	123.0	37865.0	6115.0	103105.0
116.26334	40.121866	14.0	37833.676356077136	69.0	608.3969495780575	5.0	124.0	44534.0	6118.0	122214.0
116.265027	40.11983	111.0	36207.919439869336	21.0	348.3064929905991	6.0	125.0	33564.0	5935.0	91924.0
116.263717	40.121273	23.0	36404.901266875946	7.0	22.719830355200433	5.0	125.0	33700.0	5935.0	92140.0
116.262685	40.122868	59.0	36611.116840326315	10.0	40.14864052204634	4.0	125.0	33758.0	5935.0	92238.0
116.262352	40.129491	60.0	37349.251210467075	0.0	295.30462803979776	3.0	125.0	33884.0	5935.0	92444.0
116.264835	40.12002	24.0	36253.7681879176	23.0	313.85689366327404	6.0	126.0	36934.0	5987.0	101534.0
116.262917	40.12239	5.0	36585.578862874056	16.0	98.17070720862417	5.0	126.0	37015.0	5987.0	101655.0
116.262572	40.122968	42.0	36656.72280988233	0.0	31.465862952224732	4.0	126.0	37050.0	5987.0	101730.0
116.265442	40.119358	2.0	36269.989859137546	27.0	208.11544848868812	6.0	126.0	34896.0	5992.0	94136.0
116.264785	40.119995	77.0	36360.29132896505	0.0	41.95042981514018	6.0	126.0	34922.0	5992.0	94202.0
116.26241	40.122441	34.0	36709.70627957352	8.0	14.998530649063982	5.0	126.0	35074.0	5992.0	94434.0
116.262372	40.129275	57.0	37499.76485866619	22.0	286.88833395498443	3.0	126.0	35208.0	5992.0	94648.0
116.264845	40.119816	56.0	36356.69965298421	22.0	326.34908199820535	6.0	127.0	30739.0	5873.0	83219.0
116.263	40.122533	16.0	36698.55693728314	39.0	176.81275883460904	5.0	127.0	30813.0	5873.0	83333.0
116.262365	40.122863	27.0	36777.726576401896	12.0	6.295914910513337	4.0	127.0	30832.0	5873.0	83352.0
116.263504	40.121656	25.0	36576.70545126907	13.0	13.65627637608197	5.0	127.0	30189.0	5935.0	82309.0
116.263705	40.121378	253.0	35091.81686638296	8.0	19.170440878007813	5.0	127.0	35850.0	5995.0	95730.0
116.264007	40.120783	20.0	36608.021665009335	70.0	589.0208370107924	6.0	127.0	37289.0	6119.0	102129.0
116.263485	40.121673	31.0	36555.34162182595	0.0	171.44951741987998	5.0	128.0	28746.0	5987.0	75906.0
116.262452	40.129226	29.0	37458.031399033	0.0	110.85802145709926	3.0	128.0	28906.0	5987.0	80146.0
116.262492	40.131636	30.0	37726.197733311565	10.0	220.42689817234017	2.0	128.0	28965.0	5987.0	80245.0
116.264485	40.120411	97.0	36296.2459854366	21.0	846.4988394814266	6.0	129.0	31411.0	5939.0	84331.0
116.262615	40.122048	22.0	36565.64597718389	9.0	7.794115506929076	5.0	129.0	31517.0	5939.0	84517.0
116.26227	40.123053	51.0	36691.74612352886	6.0	4.398263200749724	4.0	129.0	31580.0	5939.0	84620.0
116.26245	40.129253	29.0	37389.35918095388	4.0	283.7364271714906	3.0	129.0	31692.0	5939.0	84812.0
116.264782	40.120111	45.0	36353.67703457377	37.0	252.5356415103379	6.0	129.0	29032.0	5987.0	80352.0
116.263035	40.121963	30.0	36618.56886833057	14.0	17.83006099358232	5.0	129.0	29109.0	5987.0	80509.0
116.263022	40.1213	61.0	35929.462439829054	13.0	14.594651000483177	5.0	129.0	40841.0	6111.0	112041.0
116.262299	40.122396	6.0	36109.64404395147	18.0	31.51573964551366	5.0	129.0	40920.0	6111.0	112200.0
116.262585	40.12197	61.0	33746.78440158679	17.0	84.81237631463824	5.0	131.0	31472.0	5939.0	84432.0
116.262057	40.122743	7.0	33872.165550525744	7.0	1.6782155937857142	5.0	131.0	31545.0	5939.0	84545.0
116.262827	40.12252	11.0	33946.6786123611	9.0	36.37586027725241	4.0	131.0	31561.0	5939.0	84601.0
116.26438	40.120375	14.0	37023.05265220552	94.0	784.1066936598459	6.0	131.0	41924.0	6108.0	113844.0
