116.260465	40.13513	45.0	38515.7918502881	74.0	241.81325025768442	2.0	1101.0	36299.0	5873.0	100459.0
116.25664	40.140112	28.0	39161.57893774839	0.0	240.8221413806694	2.0	1101.0	36385.0	5873.0	100625.0
116.254425	40.142612	11.0	39498.02138994656	48.0	218.69874919379097	1.0	1101.0	36437.0	5873.0	100717.0
116.258492	40.137523	60.0	38317.80877380426	17.0	357.57340759381253	2.0	1101.0	35343.0	5897.0	94903.0
116.256932	40.13987	60.0	38613.00974041615	0.0	40.95989072600785	2.0	1101.0	35463.0	5897.0	95103.0
116.262367	40.132698	14.0	38130.50476346784	41.0	318.07889590820275	2.0	1101.0	40279.0	5979.0	111119.0
116.262192	40.132988	14.0	37738.791026647224	43.0	201.00087917968744	2.0	1101.0	38479.0	5992.0	104119.0
116.254562	40.142612	10.0	38992.29440146448	36.0	179.4599240396407	1.0	1101.0	38608.0	5992.0	104328.0
116.256455	40.14061	30.0	38657.369196314845	0.0	10.066627621295723	2.0	1102.0	32863.0	6118.0	90743.0
116.25873	40.137225	6.0	38268.40312315225	10.0	526.1071773385507	2.0	1103.0	43369.0	5897.0	120249.0
116.25673	40.140123	61.0	38634.65349039599	0.0	207.3579148444713	2.0	1103.0	43415.0	5897.0	120335.0
116.25461	40.142498	28.0	38959.253494472956	42.0	243.06617113616568	1.0	1103.0	36788.0	6123.0	101308.0
116.25853	40.137432	38.0	38254.16686387653	23.0	333.6354592741565	2.0	1104.0	32483.0	5873.0	90123.0
116.257042	40.13956	90.0	38523.57748028201	0.0	213.50422301256688	2.0	1104.0	32570.0	5873.0	90250.0
116.254405	40.142685	18.0	38943.33204217097	45.0	218.7539577286919	1.0	1104.0	32720.0	5873.0	90520.0
116.259045	40.136808	25.0	38186.81262074387	0.0	981.6922102047988	2.0	1105.0	36068.0	5897.0	100108.0
116.256675	40.140225	45.0	39209.33688259616	46.0	325.57872813439894	2.0	1105.0	32181.0	5939.0	85621.0
116.258882	40.136997	14.0	38371.15466349417	12.0	494.46376904921163	2.0	1105.0	27560.0	5992.0	73920.0
116.256339	40.1406	90.0	38828.46962472112	0.0	290.69002522809933	2.0	1105.0	27611.0	5992.0	74011.0
116.261955	40.133053	9.0	38258.392877719554	62.0	515.9348570373611	2.0	1105.0	40153.0	5995.0	110913.0
116.256607	40.140205	60.0	38301.11141735809	0.0	397.2361748223099	2.0	1106.0	33047.0	5992.0	91047.0
116.254559	40.14255	10.0	38617.10737234713	38.0	220.86606467712775	1.0	1106.0	33142.0	5992.0	91222.0
116.258635	40.137653	19.0	38405.67015230763	61.0	540.4591968225612	2.0	1106.0	40041.0	6119.0	110721.0
116.256805	40.140048	60.0	38694.96969664402	0.0	167.0308957341358	2.0	1106.0	38590.0	6123.0	104310.0
116.25871	40.13724	4.0	41047.20300781721	12.0	502.1032099304568	2.0	1107.0	43859.0	5939.0	121059.0
116.25417	40.142912	25.0	41790.70617130675	50.0	269.02920445999194	1.0	1107.0	43940.0	5939.0	121220.0
116.258852	40.13726	28.0	38268.72997663125	14.0	28.89571564567264	2.0	1107.0	36730.0	5987.0	101210.0
116.256615	40.140413	90.0	38668.44448971878	39.0	268.72950698769927	2.0	1107.0	36795.0	5987.0	101315.0
116.256795	40.13998	59.0	38547.71068528546	0.0	262.3546197804873	2.0	1108.0	31398.0	5992.0	84318.0
116.256345	40.140665	30.0	38664.11362159591	0.0	22.910294796766763	2.0	1109.0	33220.0	5987.0	91340.0
116.25434	40.142747	9.0	38951.83772631811	43.0	272.65530014370506	1.0	1109.0	33280.0	5987.0	91440.0
116.256955	40.139818	6.0	38280.855707358416	0.0	20.516830336634456	2.0	1109.0	29695.0	5995.0	81455.0
116.25762	40.139025	29.0	38472.30584592894	0.0	91.20220347381637	2.0	1109.0	35579.0	6119.0	95259.0
116.254605	40.14255	44.0	38941.02789214163	24.0	425.9996705108592	1.0	1109.0	35668.0	6119.0	95428.0
116.255677	40.141375	17.0	39102.3112993551	20.0	17.929771480875097	1.0	1110.0	37151.0	5897.0	101911.0
116.262015	40.133255	14.0	38228.94131460757	49.0	324.9136426478868	2.0	1110.0	38845.0	5979.0	104725.0
116.257435	40.139413	30.0	38577.8452049342	0.0	64.26170487846332	2.0	1110.0	29918.0	6118.0	81838.0
116.254182	40.142645	14.0	39293.066907406785	44.0	228.58757113993568	1.0	1201.0	37416.0	5873.0	102336.0
116.258865	40.137167	28.0	37629.87021672376	11.0	493.92183511448815	2.0	1201.0	32946.0	5939.0	90906.0
116.257325	40.139517	61.0	37923.021473580106	0.0	134.63279425524752	2.0	1201.0	33014.0	5939.0	91014.0
116.256555	40.140142	60.0	38530.08350400537	0.0	144.44529129467816	2.0	1201.0	39935.0	6108.0	110535.0
116.258865	40.137098	182.0	38193.766802723854	17.0	35.16674456562916	2.0	1201.0	28875.0	6110.0	80115.0
116.256595	40.140518	90.0	38751.5835646427	0.0	9.606375151043464	2.0	1202.0	40916.0	5939.0	112156.0
116.258055	40.13852	53.0	38497.493141825835	40.0	490.5540474364564	2.0	1202.0	34500.0	5979.0	93500.0
116.254632	40.142547	11.0	39687.82770228939	42.0	220.63059672165542	1.0	1202.0	35122.0	6108.0	94522.0
116.256582	40.140162	6.0	38961.16661556952	8.0	101.36924282085027	2.0	1202.0	28625.0	6119.0	75705.0
116.255677	40.141275	38.0	39107.0882359648	0.0	108.22348356447928	1.0	1202.0	28662.0	6119.0	75742.0
116.258402	40.137703	24.0	38805.2017390463	16.0	42.803950826189286	2.0	1202.0	35511.0	6123.0	95151.0
116.257225	40.139542	18.0	39034.0741298351	0.0	48.34409481906617	2.0	1202.0	35604.0	6123.0	95324.0
116.258465	40.137622	17.0	37997.923152519965	26.0	560.5074295200899	2.0	1202.0	32287.0	6126.0	85807.0
116.25683	40.140033	133.0	38301.44351720086	0.0	194.43907385953094	2.0	1202.0	32334.0	6126.0	85854.0
116.254117	40.143002	27.0	39152.97346279825	40.0	262.2528691834616	1.0	1203.0	34511.0	5939.0	93511.0
116.256472	40.140498	90.0	38842.11196553809	0.0	319.89198406730543	2.0	1203.0	32546.0	5987.0	90226.0
116.254585	40.142635	29.0	39130.289208090944	30.0	173.06770195007257	1.0	1203.0	32660.0	5987.0	90420.0
116.25602	40.140998	30.0	38797.29958762603	0.0	229.1406369248537	1.0	1203.0	41054.0	6126.0	112414.0
116.25947	40.136802	88.0	37966.09755552757	48.0	430.9230962541758	2.0	1204.0	30341.0	5897.0	82541.0
116.256885	40.140012	120.0	38385.60344464924	0.0	60.204891400405735	2.0	1204.0	30489.0	5897.0	82809.0
116.257215	40.139582	60.0	38565.64651141208	0.0	158.62960104949747	2.0	1204.0	42809.0	5935.0	115329.0
116.25752	40.139147	30.0	39075.70788946951	0.0	257.6900036201905	2.0	1204.0	36801.0	5979.0	101321.0
116.2623	40.132508	14.0	37721.66454898975	54.0	344.6963523547654	2.0	1204.0	33447.0	6118.0	91727.0
116.256675	40.140222	111.0	38706.00867301598	0.0	207.45455563768576	2.0	1204.0	33520.0	6118.0	91840.0
116.258505	40.137602	51.0	39762.57373326147	18.0	26.62379186091749	2.0	1205.0	35264.0	5939.0	94744.0
116.257515	40.13905	20.0	39945.01936809955	20.0	90.41067945878537	2.0	1205.0	35326.0	5939.0	94846.0
116.256915	40.139608	119.0	40025.470815888635	15.0	12.61113393417097	2.0	1205.0	35350.0	5939.0	94910.0
116.25773	40.138112	1.0	39063.477250900614	0.0	176.31847962016664	2.0	1205.0	36967.0	6108.0	101607.0
116.257527	40.138547	87.0	39114.866778730626	21.0	20.045231400828563	2.0	1205.0	36970.0	6108.0	101610.0
116.254292	40.142163	60.0	39618.12236739074	39.0	212.86711071049086	1.0	1205.0	37117.0	6108.0	101837.0
116.257555	40.139152	60.0	39371.328391163435	9.0	131.9285522662496	2.0	1205.0	30013.0	6123.0	82013.0
116.256845	40.140095	90.0	42400.69813511539	0.0	1356.2581959325712	2.0	1206.0	35084.0	5897.0	94444.0
116.258897	40.137103	26.0	38612.58335211205	16.0	501.0965202843857	2.0	1206.0	39730.0	5939.0	110210.0
116.256635	40.140372	29.0	39024.265948880035	47.0	337.29117091681627	2.0	1206.0	39778.0	5939.0	110258.0
116.255832	40.141187	75.0	39009.654232684756	0.0	128.04620537496314	1.0	1206.0	29715.0	6108.0	81515.0
116.254245	40.143195	31.0	39275.95161153474	37.0	70.47478333658039	1.0	1206.0	29800.0	6108.0	81640.0
116.256535	40.140447	61.0	38948.922818017934	0.0	226.5077022692375	2.0	1206.0	36616.0	6126.0	101016.0
116.253605	40.143422	23.0	39400.269213679516	0.0	229.2194084952802	1.0	1206.0	36774.0	6126.0	101254.0
116.26123	40.134528	150.0	38058.461731072464	0.0	96.56616394931743	2.0	1207.0	35454.0	5992.0	95054.0
116.25809	40.138443	30.0	38569.704251770396	19.0	166.15848262573596	2.0	1207.0	35663.0	5992.0	95423.0
116.25592	40.141053	30.0	38913.85518765039	0.0	165.62009961359755	1.0	1207.0	35753.0	5992.0	95553.0
116.25886	40.13717	120.0	38250.98631795376	10.0	510.22171882678435	2.0	1207.0	41139.0	6108.0	112539.0
116.25363	40.14355	29.0	39093.492770107376	24.0	283.98564347722964	1.0	1207.0	41320.0	6108.0	112840.0
116.25872	40.137185	33.0	39088.61714005112	22.0	497.95305813012055	2.0	1208.0	32901.0	5873.0	90821.0
116.25766	40.138837	150.0	39295.56156421178	0.0	89.68018163174078	2.0	1208.0	32964.0	5873.0	90924.0
116.260424	40.135108	44.0	38003.4276357438	67.0	232.3260754212784	2.0	1208.0	39942.0	5897.0	110542.0
116.25707	40.13962	60.0	38632.285568453975	23.0	296.35586752792085	2.0	1208.0	43703.0	5992.0	120823.0
116.256615	40.14011	68.0	39193.46167973052	43.0	365.9645779557451	2.0	1208.0	44222.0	6108.0	121702.0
116.254697	40.142432	15.0	39518.79212978731	43.0	255.06711772992907	1.0	1208.0	44319.0	6108.0	121839.0
116.261945	40.133343	22.0	36748.21394508726	88.0	695.2798802728502	2.0	1208.0	36346.0	6126.0	100546.0
116.2569	40.139807	90.0	40080.71639061895	22.0	224.35581518025054	2.0	1209.0	45357.0	5897.0	123557.0
116.25782	40.138732	107.0	38984.17936690464	50.0	428.4745790730333	2.0	1210.0	32207.0	5995.0	85647.0
116.25354	40.143285	8.0	39609.500293927	12.0	270.4431688178628	1.0	1210.0	32343.0	5995.0	85903.0
116.257575	40.139192	30.0	38591.90912831869	0.0	237.5041070241806	2.0	1210.0	38152.0	6108.0	103552.0
116.256575	40.140393	61.0	35205.479776809225	0.0	513.0607084161625	2.0	1210.0	42207.0	6126.0	114327.0
116.257185	40.139637	24.0	39747.870745888315	0.0	174.45253945921277	2.0	1211.0	38760.0	5897.0	104600.0
116.255245	40.141935	180.0	40052.2060254158	0.0	63.51000041640868	1.0	1211.0	38844.0	5897.0	104724.0
116.258295	40.137925	2.0	38462.12058182413	28.0	104.86639764195142	2.0	1211.0	44086.0	5939.0	121446.0
116.253605	40.143373	14.0	39190.66785164708	13.0	282.90946007206287	1.0	1211.0	44178.0	5939.0	121618.0
116.25668	40.140173	59.0	38853.34033507742	7.0	310.0647104116799	2.0	1211.0	42085.0	5987.0	114125.0
116.26231	40.133013	21.0	39089.40434258491	46.0	231.91132029774005	2.0	1211.0	36455.0	5992.0	100735.0
116.25667	40.140327	90.0	40034.33223510833	0.0	114.71980184651454	2.0	1211.0	36560.0	5992.0	100920.0
116.25793	40.138433	30.0	39553.175416440674	45.0	358.2559744644337	2.0	1211.0	40872.0	5995.0	112112.0
116.257107	40.139662	92.0	38405.91403869364	13.0	273.9255959004028	2.0	1211.0	40146.0	6126.0	110906.0
116.256995	40.139278	92.0	38957.268152166245	35.0	265.63011006029126	2.0	1212.0	34994.0	5873.0	94314.0
116.25454	40.142328	15.0	39358.01325880295	44.0	217.6929849674129	1.0	1212.0	35110.0	5873.0	94510.0
116.25552	40.141485	80.0	40463.66067248142	23.0	267.1722134866166	1.0	1212.0	45315.0	5897.0	123515.0
116.25874	40.137042	18.0	38275.475185472846	11.0	501.4744835809475	2.0	1212.0	41887.0	6108.0	113807.0
116.256455	40.140265	121.0	38685.000355565266	0.0	273.0215619004126	2.0	1212.0	41941.0	6108.0	113901.0
116.256665	40.140283	60.0	38711.45070824235	17.0	394.40491366742754	2.0	1212.0	36795.0	6118.0	101315.0
116.256875	40.140013	90.0	38715.115019395584	48.0	346.55289935269116	2.0	1212.0	38373.0	6119.0	103933.0
116.258902	40.137045	2.0	39058.81362779774	19.0	487.6137048969614	2.0	1213.0	33137.0	5873.0	91217.0
116.256462	40.140365	53.0	38763.595979001235	11.0	356.87949999873774	2.0	1213.0	43798.0	5897.0	120958.0
116.254212	40.142742	11.0	39094.01683503805	49.0	277.54592773302153	1.0	1213.0	43881.0	5897.0	121121.0
116.256687	40.140138	90.0	38685.7586256188	0.0	304.0361712205584	2.0	1213.0	44146.0	5987.0	121546.0
116.262372	40.132645	14.0	37521.60718893616	37.0	107.61047722004402	2.0	1213.0	30022.0	6119.0	82022.0
116.257067	40.139778	60.0	38436.06355026578	9.0	250.3923785544709	2.0	1213.0	30096.0	6119.0	82136.0
116.258827	40.137095	5.0	38313.4670600924	19.0	499.841233053772	2.0	1213.0	40867.0	6123.0	112107.0
116.256327	40.14039	70.0	38772.04495516587	0.0	280.26397587153497	2.0	1214.0	41075.0	5873.0	112435.0
116.257015	40.139805	135.0	38746.65743543665	35.0	357.67274314331615	2.0	1214.0	29811.0	5939.0	81651.0
116.2569	40.140025	194.0	38784.7901752631	22.0	142.05150183150423	2.0	1214.0	36221.0	5992.0	100341.0
116.262185	40.133026	1.0	37827.49510188768	56.0	217.36377206397222	2.0	1214.0	32828.0	6119.0	90708.0
116.25659	40.140318	120.0	38768.30813623011	0.0	705.721756103802	2.0	1214.0	32886.0	6119.0	90806.0
116.259087	40.136698	106.0	38296.65013402529	0.0	269.65831911258215	2.0	1215.0	33582.0	5897.0	91942.0
116.258002	40.138577	36.0	38532.1772461521	35.0	95.28285675442474	2.0	1215.0	33693.0	5897.0	92133.0
116.25635	40.140603	24.0	38797.839843634785	0.0	133.09111063800367	2.0	1215.0	33759.0	5897.0	92239.0
116.262225	40.13282	15.0	37618.75420175889	35.0	198.1805445536036	2.0	1215.0	29558.0	5992.0	81238.0
116.258882	40.137442	90.0	38207.30746545742	23.0	402.90224411123523	2.0	1215.0	29603.0	5992.0	81323.0
116.256675	40.140278	60.0	38574.58441862059	0.0	162.34361200497776	2.0	1215.0	29723.0	5992.0	81523.0
116.255817	40.141308	30.0	38712.08878207952	0.0	128.21690962095957	1.0	1215.0	29813.0	5992.0	81653.0
116.258595	40.137255	14.0	42589.97781944188	0.0	470.98830133754024	2.0	1215.0	36310.0	6111.0	100510.0
116.257205	40.139573	37.0	42874.80736775219	0.0	156.50196044508337	2.0	1215.0	36359.0	6111.0	100559.0
116.2583	40.138117	30.0	38614.09456993789	35.0	457.9637578354626	2.0	1216.0	42320.0	5897.0	114520.0
116.255772	40.141187	10.0	39017.75600085021	0.0	104.11856643056542	1.0	1216.0	42430.0	5897.0	114710.0
116.2568	40.140018	72.0	38664.46424693538	45.0	301.5954721006867	2.0	1216.0	31874.0	5979.0	85114.0
116.25871	40.137212	2.0	38340.72841710253	16.0	517.5680263706156	2.0	1216.0	28631.0	5987.0	75711.0
116.256557	40.140178	54.0	39183.03262829965	13.0	356.6777876549454	2.0	1216.0	33889.0	6108.0	92449.0
116.25871	40.137192	15.0	39059.86716497164	8.0	325.61431747314145	2.0	1216.0	35965.0	6123.0	95925.0
116.25674	40.140157	60.0	39431.37265139958	8.0	216.91721902947904	2.0	1216.0	36018.0	6123.0	100018.0
116.25689	40.13992	30.0	38613.54189325466	0.0	205.84300820242493	2.0	1217.0	32398.0	5897.0	85958.0
116.254375	40.142727	10.0	38992.332998576254	46.0	242.75061190249966	1.0	1217.0	32452.0	5897.0	90052.0
116.25427	40.142697	6.0	39407.43145800143	52.0	295.4499585008012	1.0	1217.0	39430.0	6108.0	105710.0
116.253797	40.14337	18.0	39121.088062144474	0.0	228.35381512574762	1.0	1217.0	35874.0	6111.0	95754.0
116.26059	40.134947	29.0	37996.60388725588	69.0	231.58385248887166	2.0	1218.0	39153.0	5897.0	105233.0
116.25876	40.137177	5.0	38289.61335509511	10.0	27.586197071502994	2.0	1218.0	39183.0	5897.0	105303.0
116.257397	40.139357	30.0	38558.58690709784	0.0	218.28023296109203	2.0	1218.0	39236.0	5897.0	105356.0
116.25442	40.142667	17.0	39005.94966293729	42.0	234.67076806456774	1.0	1218.0	39298.0	5897.0	105458.0
116.255845	40.141253	43.0	39110.96816658634	15.0	149.12448996944235	1.0	1218.0	41023.0	5939.0	112343.0
116.262132	40.133041	27.0	39535.995198501805	49.0	180.17803875860122	2.0	1218.0	35620.0	5979.0	95340.0
116.25874	40.137123	16.0	38395.612945965564	18.0	510.4611439221625	2.0	1218.0	41421.0	5987.0	113021.0
116.256725	40.140092	84.0	38769.59214928549	0.0	228.98567157265765	2.0	1218.0	41479.0	5987.0	113119.0
116.257645	40.139053	43.0	38505.60923337327	0.0	341.2822417059904	2.0	1218.0	29967.0	6119.0	81927.0
116.256482	40.14043	60.0	38755.04645575155	8.0	275.52994417655157	2.0	1218.0	36833.0	6123.0	101353.0
116.25408	40.142943	20.0	39101.605018427195	49.0	320.92005578488386	1.0	1218.0	36922.0	6123.0	101522.0
116.258727	40.137077	20.0	37359.795506825176	0.0	537.4518949719325	2.0	1218.0	33118.0	6126.0	91158.0
116.257797	40.138753	33.0	37563.26974671113	0.0	77.81244905923646	2.0	1218.0	33168.0	6126.0	91248.0
116.256717	40.140047	118.0	37734.119286606176	0.0	88.98634352244916	2.0	1218.0	33229.0	6126.0	91349.0
116.254505	40.14249	9.0	38081.91815841466	42.0	143.124897636275	1.0	1218.0	33360.0	6126.0	91600.0
116.261925	40.133668	60.0	39309.01912959878	0.0	77.336936104352	2.0	1219.0	35605.0	5897.0	95325.0
116.2608	40.134998	30.0	39485.29426288646	9.0	96.90486930337448	2.0	1219.0	35695.0	5897.0	95455.0
116.257997	40.138652	60.0	39956.837244305025	0.0	82.15451348128711	2.0	1219.0	35815.0	5897.0	95655.0
116.259715	40.13587	32.0	37473.50744137106	0.0	368.6701073821942	2.0	1219.0	29176.0	6111.0	80616.0
116.25884	40.13701	15.0	38275.77381895739	25.0	483.56105848127316	2.0	1220.0	41031.0	5987.0	112351.0
116.262222	40.132781	13.0	37854.38346554089	43.0	249.34075635240018	2.0	1220.0	40363.0	5992.0	111243.0
116.25375	40.143388	5.0	39239.8549973703	11.0	308.3499902796191	1.0	1220.0	40474.0	5992.0	111434.0
116.258122	40.138385	69.0	38429.45729319377	39.0	62.42534698837013	2.0	1220.0	38711.0	6110.0	104511.0
116.258675	40.137287	12.0	38198.52902213785	6.0	369.4794809549811	2.0	1220.0	33190.0	6118.0	91310.0
116.254365	40.142747	26.0	38911.610060777406	35.0	211.2950592250069	1.0	1220.0	33301.0	6118.0	91501.0
116.256575	40.140302	59.0	39480.73486235272	0.0	111.94508530860496	2.0	1220.0	29602.0	6123.0	81322.0
116.255667	40.141343	8.0	39620.799633996794	0.0	94.31586773591609	1.0	1220.0	29691.0	6123.0	81451.0
116.258652	40.137292	21.0	37687.72184300881	15.0	447.0650640049215	2.0	1220.0	35526.0	6126.0	95206.0
116.256665	40.1402	60.0	38705.611790868476	0.0	115.99583466268119	2.0	1221.0	43921.0	5897.0	121201.0
116.253947	40.143002	7.0	39094.36759839251	39.0	307.8844663738255	1.0	1221.0	44012.0	5897.0	121332.0
116.258672	40.137245	121.0	38036.779119949184	0.0	519.8056919562204	2.0	1221.0	39948.0	6126.0	110548.0
116.257814	40.13886	60.0	38668.83483780084	52.0	509.69308270205914	2.0	1222.0	29684.0	5939.0	81444.0
116.25645	40.140285	102.0	38053.611087118305	0.0	269.6831123706746	2.0	1222.0	36285.0	5979.0	100445.0
116.254632	40.142383	12.0	38339.99018682343	19.0	51.58093179042027	1.0	1222.0	36418.0	5979.0	100658.0
116.258759	40.137002	23.0	38343.2060593127	12.0	497.75097398853137	2.0	1222.0	39443.0	5987.0	105723.0
116.257495	40.139147	90.0	38605.95654928656	0.0	39.935486459152834	2.0	1222.0	39526.0	5987.0	105846.0
116.258545	40.137302	8.0	38413.86906844375	8.0	345.5162195767893	2.0	1222.0	42867.0	5995.0	115427.0
116.256405	40.14052	59.0	38817.665841072565	0.0	257.4391315007998	2.0	1222.0	42906.0	5995.0	115506.0
116.258832	40.13698	36.0	36835.86074989429	18.0	482.707889041023	2.0	1222.0	34996.0	6126.0	94316.0
116.25739	40.13915	78.0	37107.5556905189	0.0	114.74337107812774	2.0	1222.0	35082.0	6126.0	94442.0
116.25871	40.137123	7.0	39731.59049914972	13.0	491.0765067354734	2.0	1223.0	34877.0	5987.0	94117.0
116.256432	40.140457	58.0	40152.20599472473	0.0	269.2246514465197	2.0	1223.0	34924.0	5987.0	94204.0
116.255242	40.141925	30.0	40346.09469604264	26.0	176.74899298129694	1.0	1223.0	35012.0	5987.0	94332.0
116.256842	40.139962	30.0	38904.934469446496	0.0	221.19936174538122	2.0	1223.0	41209.0	6108.0	112649.0
116.2566	40.14019	59.0	38143.32664050537	0.0	235.9816231315607	2.0	1223.0	32449.0	6126.0	90049.0
116.25365	40.143438	30.0	38585.68534593809	0.0	303.25448639046954	1.0	1223.0	32538.0	6126.0	90218.0
116.258997	40.136848	19.0	38291.614301220856	26.0	477.2157835681553	2.0	1224.0	28421.0	5873.0	75341.0
116.258612	40.137088	19.0	37700.33554792092	10.0	23.095437388440892	2.0	1224.0	44132.0	6108.0	121532.0
116.26189	40.133141	13.0	37839.25349399576	67.0	190.83735946552235	2.0	1224.0	39307.0	6119.0	105507.0
116.258817	40.137027	21.0	38344.752564765986	16.0	269.1402995222406	2.0	1224.0	39350.0	6119.0	105550.0
116.257235	40.13952	91.0	38653.806327231105	0.0	138.950272543921	2.0	1224.0	39415.0	6119.0	105655.0
116.256835	40.139975	157.0	38660.71372681821	0.0	211.4515620194428	2.0	1224.0	35557.0	6126.0	95237.0
116.258825	40.137087	2.0	37930.25693770854	11.0	479.62839873974076	2.0	1225.0	30229.0	5979.0	82349.0
116.257215	40.139543	30.0	38237.33066294539	0.0	178.79149512083765	2.0	1225.0	30265.0	5979.0	82425.0
116.256055	40.141003	30.0	38483.70325990938	24.0	300.47225878844307	1.0	1225.0	33545.0	6115.0	91905.0
116.258735	40.137278	2.0	38256.11245115842	14.0	509.6951129403924	2.0	1225.0	35956.0	6118.0	95916.0
116.25743	40.139373	30.0	38516.00009867634	5.0	121.75459966486528	2.0	1225.0	35982.0	6118.0	95942.0
116.257205	40.139612	90.0	40053.29244113763	0.0	168.00311212121633	2.0	1225.0	35281.0	6119.0	94801.0
116.256185	40.140572	103.0	38931.67216058941	0.0	238.30949365319313	2.0	1226.0	38101.0	6108.0	103501.0
116.254477	40.142617	1.0	39447.54333562525	40.0	280.3049838356128	1.0	1227.0	39953.0	5897.0	110553.0
116.256884	40.13998	60.0	40291.82708217314	0.0	182.9180438210585	2.0	1227.0	35343.0	5992.0	94903.0
116.256965	40.139815	27.0	38455.8352458665	0.0	235.85144439416823	2.0	1227.0	42143.0	5995.0	114223.0
116.25533	40.141663	24.0	38704.12314365166	37.0	222.0114206003947	1.0	1227.0	42200.0	5995.0	114320.0
116.258782	40.137193	114.0	39069.328547521516	0.0	503.53916715789046	2.0	1227.0	33148.0	6126.0	91228.0
116.258695	40.137228	41.0	39794.30256875739	0.0	512.1108707397541	2.0	1228.0	40689.0	5987.0	111809.0
116.255877	40.141148	32.0	40292.61439344565	0.0	273.5966465045893	1.0	1228.0	40749.0	5987.0	111909.0
116.257157	40.139562	77.0	41375.70006787567	29.0	286.83403425452144	2.0	1228.0	42005.0	6111.0	114005.0
116.255932	40.14047	29.0	39157.236641977084	0.0	435.5454457882671	2.0	1229.0	32652.0	5873.0	90412.0
116.257155	40.139623	30.0	38957.07328750509	4.0	280.80933752032456	2.0	1229.0	39279.0	5939.0	105439.0
116.256935	40.1398	43.0	39032.95326268148	0.0	256.5139646732175	2.0	1229.0	42130.0	6108.0	114210.0
116.25597	40.140905	1.0	39180.79727869563	12.0	30.785555203982653	1.0	1229.0	42174.0	6108.0	114254.0
116.256542	40.14031	93.0	38676.479851314696	0.0	205.96965552922896	2.0	1229.0	36208.0	6110.0	100328.0
116.258687	40.137275	16.0	38308.81637399472	9.0	517.0329723283826	2.0	1229.0	43511.0	6118.0	120511.0
116.257957	40.13866	88.0	38474.97872951085	41.0	108.12499370611724	2.0	1229.0	43532.0	6118.0	120532.0
116.256582	40.140212	90.0	38804.92980261199	0.0	234.22878327790997	2.0	1229.0	41337.0	6123.0	112857.0
116.2587	40.137162	13.0	38630.97968899731	18.0	514.4914445214847	2.0	1230.0	37448.0	5935.0	102408.0
116.25638	40.140477	90.0	38842.52279190887	0.0	226.67680479865774	2.0	1231.0	43949.0	5939.0	121229.0
116.25898	40.136768	13.0	38221.44387496635	8.0	265.48154246790097	2.0	1231.0	38378.0	5987.0	103938.0
116.256955	40.139898	45.0	38611.74515985532	10.0	212.8088521354493	2.0	1231.0	38468.0	5987.0	104108.0
116.25638	40.14061	79.0	38435.34047573126	7.0	277.64704935824415	2.0	104.0	39518.0	5979.0	105838.0
116.256445	40.140463	60.0	38764.90253600717	0.0	420.86241362971435	2.0	104.0	43477.0	5992.0	120437.0
116.25593	40.141047	37.0	38151.53421769342	7.0	354.6474305507829	1.0	104.0	29355.0	6108.0	80915.0
116.256515	40.14034	60.0	38770.2123188282	0.0	242.53469060686527	2.0	106.0	36269.0	5897.0	100429.0
116.258645	40.13727	39.0	39773.68628099245	0.0	513.5867798384854	2.0	106.0	44691.0	5992.0	122451.0
116.254322	40.142813	21.0	40494.04300224726	43.0	199.61824321749	1.0	106.0	44774.0	5992.0	122614.0
116.261857	40.133281	11.0	37895.99864740179	76.0	470.87528728794626	2.0	106.0	37507.0	6110.0	102507.0
116.257295	40.139393	106.0	38697.03283963077	7.0	280.2735728704076	2.0	106.0	28481.0	6123.0	75441.0
116.258787	40.137243	37.0	38397.335888156056	20.0	493.0643288600592	2.0	107.0	50353.0	5939.0	135913.0
116.256564	40.140457	55.0	38803.10403079885	12.0	258.2262889357087	2.0	107.0	50402.0	5939.0	140002.0
116.256402	40.140445	90.0	38744.412116521475	12.0	269.4846506802032	2.0	107.0	42890.0	6110.0	115450.0
116.25635	40.140493	60.0	38879.4597509211	0.0	343.1844856502302	2.0	107.0	27943.0	6118.0	74543.0
116.257035	40.139792	38.0	38676.0607289206	0.0	178.85720930721772	2.0	109.0	32665.0	5897.0	90425.0
116.258785	40.137212	15.0	38400.073036904774	6.0	312.5412027355485	2.0	109.0	38280.0	5939.0	103800.0
116.256287	40.140742	107.0	38848.42401915903	0.0	300.0162934890823	2.0	109.0	38327.0	5939.0	103847.0
116.253757	40.143323	15.0	39237.41312531098	20.0	73.45381479149366	1.0	109.0	38441.0	5939.0	104041.0
116.257195	40.139558	30.0	38569.20185142662	0.0	160.19405072459602	2.0	109.0	35088.0	6118.0	94448.0
116.256027	40.141	119.0	38757.93475723047	12.0	166.5228873664346	1.0	109.0	35149.0	6118.0	94549.0
116.253755	40.143312	12.0	39327.2583706249	11.0	263.3688954790486	1.0	110.0	38170.0	5873.0	103610.0
116.256287	40.140552	89.0	38181.14042389675	21.0	380.06567999593483	2.0	110.0	42707.0	5995.0	115147.0
116.247272	40.151502	13.0	40469.581728633566	96.0	781.3080659298814	1.0	111.0	40160.0	5873.0	110920.0
116.253677	40.143447	30.0	39459.001332430584	0.0	245.67058385604346	1.0	112.0	35660.0	5992.0	95420.0
116.262365	40.132651	26.0	37834.778465594514	46.0	257.8324822738279	2.0	113.0	30908.0	5992.0	83508.0
116.25644	40.140528	60.0	38847.52848876945	7.0	337.2742757759506	2.0	113.0	30982.0	5992.0	83622.0
116.258845	40.137058	19.0	38312.805794707005	17.0	503.6544767794868	2.0	113.0	32806.0	6123.0	90646.0
116.258857	40.137103	14.0	40068.35968381434	15.0	494.08516064426965	2.0	114.0	44182.0	5897.0	121622.0
116.256365	40.14062	127.0	40515.294368019146	0.0	275.5793692703763	2.0	114.0	44236.0	5897.0	121716.0
116.258595	40.137263	89.0	38333.945642506726	0.0	509.552415642755	2.0	114.0	30299.0	5979.0	82459.0
116.253567	40.143507	12.0	39152.496901943705	22.0	63.419124762236144	1.0	114.0	30428.0	5979.0	82708.0
116.256835	40.139955	30.0	38764.808506554415	0.0	103.1904794820184	2.0	114.0	36290.0	5992.0	100450.0
116.25362	40.14348	20.0	39243.23573121578	0.0	229.83164371660195	1.0	114.0	36390.0	5992.0	100630.0
116.256905	40.139882	60.0	38123.8546140024	28.0	371.51431879010266	2.0	114.0	39570.0	5995.0	105930.0
116.25599	40.141028	60.0	38790.233163910256	17.0	145.1870400680211	1.0	115.0	36523.0	6110.0	100843.0
116.258992	40.136838	60.0	37902.07297706439	7.0	956.0453915357284	2.0	116.0	29458.0	5935.0	81058.0
116.25727	40.139518	36.0	38235.161632113624	0.0	151.1031169902369	2.0	116.0	29555.0	5935.0	81235.0
116.255615	40.141487	53.0	38495.59636203142	18.0	102.85669069879249	1.0	116.0	29645.0	5935.0	81405.0
116.256815	40.140038	29.0	38467.082152503644	0.0	212.378832001088	2.0	116.0	38266.0	5987.0	103746.0
116.254015	40.142908	11.0	37988.31065960266	48.0	592.1951838738379	1.0	116.0	41647.0	5995.0	113407.0
116.257807	40.138642	94.0	38902.94254137501	63.0	530.2445404325944	2.0	116.0	41138.0	6108.0	112538.0
116.255675	40.14147	49.0	38907.70080960274	20.0	203.79152238473276	1.0	116.0	39729.0	6123.0	110209.0
116.257275	40.139495	30.0	38720.40607927735	0.0	194.91593291545416	2.0	117.0	32382.0	5987.0	85942.0
116.25691	40.1398	55.0	39246.91827760437	10.0	288.87952564223457	2.0	117.0	37225.0	6119.0	102025.0
116.255477	40.141527	2.0	39474.526703390744	24.0	98.40522515900217	1.0	117.0	37328.0	6119.0	102208.0
116.256557	40.140418	96.0	38995.93636097702	13.0	286.76741021698206	2.0	118.0	34415.0	5897.0	93335.0
116.25612	40.140922	30.0	39022.72015005904	28.0	294.71854577567547	1.0	118.0	36834.0	5939.0	101354.0
116.255355	40.141843	137.0	39144.56120927154	0.0	7.2319936725066505	1.0	118.0	36924.0	5939.0	101524.0
116.25671	40.14022	121.0	38410.686745296116	20.0	295.1322400424147	2.0	118.0	41580.0	5979.0	113300.0
116.253645	40.143472	12.0	39268.3236166036	23.0	169.9990572181083	1.0	118.0	43874.0	5987.0	121114.0
116.257572	40.138968	82.0	38574.88336085286	54.0	568.4841880202657	2.0	118.0	44891.0	5992.0	122811.0
116.2588	40.13716	18.0	37952.505880391494	9.0	494.84835391118924	2.0	118.0	31697.0	6118.0	84817.0
116.258042	40.138463	26.0	38387.47665999163	26.0	72.64480124761783	2.0	119.0	33860.0	5897.0	92420.0
116.262165	40.132983	20.0	36966.52762109644	49.0	1174.6590176011098	2.0	119.0	40098.0	5979.0	110818.0
116.257455	40.139037	16.0	38513.32313344354	34.0	426.935634774915	2.0	119.0	41332.0	5995.0	112852.0
116.258875	40.137112	20.0	38252.07900834631	30.0	495.11492813213806	2.0	119.0	43195.0	6118.0	115955.0
116.2563	40.140665	53.0	38812.366140118385	28.0	343.49329215319926	2.0	120.0	29383.0	5897.0	80943.0
116.253725	40.143287	20.0	39667.54446036842	0.0	239.2520542131365	1.0	120.0	39035.0	6108.0	105035.0
116.258787	40.13711	19.0	38311.30167855362	13.0	505.5046406883835	2.0	120.0	44118.0	6119.0	121518.0
116.256357	40.140623	76.0	38695.245467925095	0.0	398.36128312314196	2.0	121.0	44455.0	5897.0	122055.0
116.255155	40.142077	62.0	39333.728973899764	0.0	144.14436089801356	1.0	121.0	39904.0	5939.0	110504.0
116.258292	40.137607	12.0	38494.26035806295	31.0	350.9505406329724	2.0	121.0	36472.0	5979.0	100752.0
116.257212	40.139398	31.0	38715.149105088196	0.0	122.34457972985665	2.0	121.0	36514.0	5979.0	100834.0
116.26194	40.13313	11.0	37794.8359980554	79.0	443.2018734894871	2.0	121.0	41504.0	5987.0	113144.0
116.254497	40.142623	31.0	38621.42262071516	30.0	191.8281981004069	1.0	121.0	31211.0	5992.0	84011.0
116.255714	40.141302	68.0	38843.38543627614	0.0	129.49353430337354	1.0	121.0	38120.0	6110.0	103520.0
116.258735	40.13722	19.0	38149.82975998919	0.0	2894.293231549084	2.0	121.0	28088.0	6118.0	74808.0
116.257125	40.13974	60.0	38462.02329547972	33.0	266.77796430284945	2.0	121.0	28137.0	6118.0	74857.0
116.25641	40.14047	75.0	38927.60076098497	0.0	154.92371885486924	2.0	122.0	34735.0	5987.0	93855.0
116.258619	40.137293	90.0	38380.800087067764	0.0	519.6553102248106	2.0	122.0	41523.0	6123.0	113203.0
116.25871	40.137187	16.0	38325.49129165773	10.0	922.0199622518559	2.0	123.0	39730.0	5987.0	110210.0
116.255957	40.141103	60.0	38821.25716353368	29.0	352.85999820593145	1.0	123.0	39782.0	5987.0	110302.0
116.25577	40.141268	42.0	38769.61983550568	0.0	161.62228476915837	1.0	124.0	40850.0	5935.0	112050.0
116.256747	40.140057	30.0	38725.47870989758	0.0	223.7533557235411	2.0	124.0	37105.0	5987.0	101825.0
116.261937	40.13297	23.0	40421.58940772111	60.0	396.7662074759746	2.0	125.0	43916.0	5995.0	121156.0
116.25874	40.13712	13.0	38256.77231535757	9.0	365.16047411656615	2.0	125.0	39770.0	6119.0	110250.0
116.25607	40.14084	41.0	38730.56772600775	10.0	309.41670693552186	1.0	125.0	39825.0	6119.0	110345.0
116.253662	40.14336	18.0	39078.03830117421	10.0	265.237873855946	1.0	125.0	39885.0	6119.0	110445.0
116.256365	40.140428	60.0	40095.62412513049	0.0	261.5011779411143	2.0	126.0	41292.0	5979.0	112812.0
116.25672	40.140028	129.0	38710.58076290528	19.0	398.77373628759864	2.0	126.0	37280.0	5987.0	102120.0
116.256785	40.139977	52.0	38808.58781328097	0.0	92.48784191993256	2.0	126.0	35387.0	5992.0	94947.0
116.256505	40.140452	60.0	38077.205706517976	0.0	262.56811493640356	2.0	126.0	28601.0	6118.0	75641.0
116.256739	40.140128	54.0	38470.45390336595	36.0	355.3079400014961	2.0	126.0	31909.0	6123.0	85149.0
116.254295	40.142768	9.0	38830.46406236735	45.0	222.03169220670827	1.0	126.0	31989.0	6123.0	85309.0
116.2544	40.14255	11.0	39155.37264225158	40.0	286.9978023156123	1.0	127.0	31048.0	5873.0	83728.0
116.255877	40.141122	30.0	38989.725642960184	8.0	202.62325269791756	1.0	127.0	30447.0	5935.0	82727.0
116.245823	40.153685	9.0	40632.47115501587	97.0	768.3863819681799	1.0	127.0	30572.0	5935.0	82932.0
116.25813	40.138375	90.0	37053.248997051756	52.0	1660.2903135908768	2.0	127.0	36269.0	5995.0	100429.0
116.2587	40.13723	11.0	38596.82793365833	11.0	366.07637336860654	2.0	128.0	37871.0	5897.0	103111.0
116.256672	40.140253	30.0	38976.471977143774	0.0	229.87916046204342	2.0	128.0	37921.0	5897.0	103201.0
116.253612	40.143417	17.0	39414.357868084444	9.0	323.9254823725522	1.0	128.0	37981.0	5897.0	103301.0
116.258672	40.13716	14.0	38355.259820467094	13.0	333.11932420863775	2.0	128.0	31307.0	5935.0	84147.0
116.25584	40.141085	27.0	38856.2271356603	0.0	366.88709805060626	1.0	128.0	31384.0	5935.0	84304.0
116.255405	40.141633	41.0	38999.886539620544	20.0	64.9212454955733	1.0	128.0	29086.0	5987.0	80446.0
116.25631	40.140565	90.0	38494.33825596869	0.0	280.35419499750003	2.0	128.0	40292.0	6110.0	111132.0
116.25567	40.141248	15.0	38589.60151837607	11.0	9.280186446855952	1.0	128.0	40398.0	6110.0	111318.0
116.25587	40.141237	90.0	38872.01710945169	8.0	172.66329010888063	1.0	129.0	31904.0	5939.0	85144.0
116.257115	40.139582	156.0	38704.966247231256	22.0	305.2511153147047	2.0	129.0	29361.0	5987.0	80921.0
116.254527	40.14242	13.0	39284.8136149218	31.0	62.24306734808561	1.0	129.0	39664.0	6115.0	110104.0
116.25449	40.142248	8.0	38546.67637348052	42.0	269.10723070754085	1.0	131.0	40860.0	5873.0	112100.0
116.257327	40.139185	60.0	35908.31525568982	23.0	355.7858513067173	2.0	131.0	31709.0	5939.0	84829.0
116.256482	40.140333	2.0	39388.28683649464	45.0	229.52260102962515	2.0	131.0	42084.0	6108.0	114124.0
116.253742	40.143402	11.0	40295.32687918052	0.0	273.97493503028625	1.0	131.0	44409.0	6119.0	122009.0
116.25872	40.137103	31.0	38578.84221386514	0.0	2363.730321524808	2.0	131.0	33773.0	6123.0	92253.0
116.25673	40.140067	90.0	38950.980118419655	0.0	216.97981367615031	2.0	131.0	33831.0	6123.0	92351.0
