116.304105	39.928086	30.0	7122.53321541556	0.0	127.26027761713001	35.0	1101.0	33992.0	5873.0	92632.0
116.304275	39.915387	38.0	5030.38915386421	42.0	344.02642997687803	38.0	1101.0	30920.0	5987.0	83520.0
116.304147	39.926028	30.0	6214.437309394725	0.0	90.90448158523968	36.0	1101.0	31160.0	5987.0	83920.0
116.304255	39.924858	29.0	6257.00920674975	0.0	198.4618114574087	36.0	1101.0	35640.0	5992.0	95400.0
116.304287	39.917056	30.0	5687.57351333917	42.0	426.29431812156474	38.0	1101.0	39348.0	6118.0	105548.0
116.304255	39.917125	27.0	6716.136610249312	0.0	128.01016178561494	38.0	1102.0	34480.0	5987.0	93440.0
116.30419	39.918148	120.0	6830.1251125499575	12.0	51.65780629084978	38.0	1102.0	34537.0	5987.0	93537.0
116.30417	39.92111	30.0	7159.770944881624	8.0	106.16640369122452	37.0	1102.0	34687.0	5987.0	93807.0
116.30417	39.927515	17.0	7874.145848490461	19.0	160.2278943064695	35.0	1102.0	34898.0	5987.0	94138.0
116.304255	39.915595	30.0	5169.795660357701	0.0	91.792021658701	38.0	1102.0	35726.0	6119.0	95526.0
116.304255	39.917126	29.0	5340.147973423139	0.0	89.12579620516289	38.0	1102.0	35787.0	6119.0	95627.0
116.304252	39.924176	15.0	6276.647839929133	0.0	76.52095042322857	36.0	1103.0	33322.0	5873.0	91522.0
116.304345	39.915807	32.0	5289.48799904213	35.0	332.6931970283439	38.0	1103.0	40609.0	5897.0	111649.0
116.304192	39.922036	15.0	5982.763598715274	14.0	125.83877749772977	37.0	1103.0	40805.0	5897.0	112005.0
116.304255	39.917386	29.0	5394.201891654469	0.0	175.8598034624744	38.0	1103.0	39492.0	5935.0	105812.0
116.30416	39.923203	7.0	6069.156977756764	10.0	30.46211240678953	37.0	1103.0	35776.0	5939.0	95616.0
116.304239	39.917918	30.0	6582.898983751117	0.0	352.9006554885664	38.0	1103.0	43108.0	6115.0	115828.0
116.304265	39.927625	22.0	7663.149614563372	28.0	265.4735440962462	35.0	1103.0	43242.0	6115.0	120042.0
116.304237	39.926795	30.0	6224.205085480591	40.0	219.47455058059816	35.0	1103.0	31139.0	6119.0	83859.0
116.30429	39.91611	31.0	5247.178567071642	21.0	216.4083286135267	38.0	1103.0	34025.0	6123.0	92705.0
116.304225	39.917586	30.0	5411.531142632626	0.0	99.37257559754673	38.0	1103.0	34085.0	6123.0	92805.0
116.304242	39.917838	30.0	5453.703812982829	0.0	207.29685374385934	38.0	1104.0	43246.0	5935.0	120046.0
116.30422	39.926018	44.0	6393.458937100929	0.0	52.434491214011416	36.0	1104.0	43509.0	5935.0	120509.0
116.304067	39.927716	30.0	6586.749087358476	0.0	83.0405164377178	35.0	1104.0	43588.0	5935.0	120628.0
116.304117	39.925436	34.0	6358.829936934832	0.0	193.15274161223726	36.0	1104.0	39661.0	5987.0	110101.0
116.304147	39.925478	60.0	6381.916034113575	0.0	258.4751289112148	36.0	1104.0	32091.0	5992.0	85451.0
116.30421	39.914635	60.0	9178.879458052812	0.0	100.18131368716914	38.0	1104.0	42535.0	6108.0	114855.0
116.304165	39.91617	30.0	9349.714119021866	0.0	63.781384928341915	38.0	1104.0	42625.0	6108.0	115025.0
116.304205	39.917221	292.0	9466.703008704028	0.0	39.062660671094626	38.0	1104.0	42724.0	6108.0	115204.0
116.304242	39.921488	32.0	9942.77937715306	9.0	15.34893391808931	37.0	1104.0	43023.0	6108.0	115703.0
116.304077	39.92335	40.0	10165.181652574533	15.0	17.859243629316794	37.0	1104.0	43076.0	6108.0	115756.0
116.304182	39.92818	18.0	10726.382432005405	7.0	73.72709348646153	35.0	1104.0	43177.0	6108.0	115937.0
116.30423	39.917995	30.0	5605.159075622601	0.0	270.45545516539636	38.0	1105.0	32162.0	5987.0	85602.0
116.30437	39.91549	60.0	5741.364282367095	0.0	84.89478509467374	38.0	1105.0	37326.0	5995.0	102206.0
116.30423	39.91744	19.0	8452.344418322355	39.0	818.1390774518053	38.0	1105.0	41889.0	6110.0	113809.0
116.3045	39.917161	90.0	4976.910925077932	15.0	99.13905839350149	38.0	1106.0	33007.0	5873.0	91007.0
116.30423	39.92185	29.0	5500.004622519616	19.0	29.733841239070152	37.0	1106.0	33164.0	5873.0	91244.0
116.304375	39.92614	8.0	5977.711138266134	0.0	114.63987566818753	36.0	1106.0	33284.0	5873.0	91444.0
116.30435	39.916312	90.0	5839.517127430218	0.0	136.63170009771306	38.0	1106.0	34097.0	5987.0	92817.0
116.304195	39.922178	12.0	6493.177863390773	19.0	172.68026377420574	37.0	1106.0	34367.0	5987.0	93247.0
116.30412	39.926771	30.0	7019.211024246454	0.0	78.66755181632863	35.0	1106.0	34481.0	5987.0	93441.0
116.30424	39.924555	21.0	5744.104458322105	6.0	245.064058064539	36.0	1106.0	30353.0	5992.0	82553.0
116.304217	39.925506	30.0	5849.937952470686	0.0	67.89192784047519	36.0	1106.0	30404.0	5992.0	82644.0
116.30422	39.915762	30.0	5287.256527202217	61.0	383.31287424384163	38.0	1106.0	26600.0	6110.0	72320.0
116.30414	39.925236	30.0	6341.66754663274	8.0	175.92818694382595	36.0	1106.0	26720.0	6110.0	72520.0
116.30423	39.919883	60.0	5722.195584415152	0.0	117.05184784577193	38.0	1106.0	37188.0	6119.0	101948.0
116.304207	39.924821	30.0	6272.0263696993	0.0	63.63226114790958	36.0	1106.0	37374.0	6119.0	102254.0
116.304235	39.92637	16.0	6444.5155791513525	0.0	99.59813713146649	35.0	1106.0	37448.0	6119.0	102408.0
116.304277	39.91663	90.0	5363.561405917665	0.0	227.22662115772914	38.0	1106.0	35528.0	6123.0	95208.0
116.304235	39.921701	30.0	5927.848501213959	0.0	130.84813855130344	37.0	1106.0	35708.0	6123.0	95508.0
116.304325	39.927863	2.0	6490.514090758984	0.0	121.92344501022592	35.0	1107.0	35710.0	5873.0	95510.0
116.304217	39.923286	31.0	6037.396920127436	21.0	24.270359437222446	37.0	1107.0	37859.0	5935.0	103059.0
116.30423	39.91662	60.0	5224.618567312383	26.0	411.14380199281584	38.0	1107.0	26727.0	5979.0	72527.0
116.304285	39.916683	28.0	5322.905754942136	0.0	638.4274185155025	38.0	1107.0	34158.0	5987.0	92918.0
116.30425	39.921265	61.0	5429.7288943649455	10.0	172.90582380101674	37.0	1107.0	30699.0	6115.0	83139.0
116.304327	39.925398	32.0	5889.709529425465	0.0	86.0158710569933	36.0	1107.0	30790.0	6115.0	83310.0
116.304347	39.916285	30.0	4919.910871933492	0.0	140.74903495553704	38.0	1107.0	33369.0	6119.0	91609.0
116.304307	39.922373	23.0	5597.328567438568	27.0	221.75096791910934	37.0	1107.0	33489.0	6119.0	91809.0
116.30416	39.92643	30.0	6059.275543979662	0.0	162.54814630517728	35.0	1107.0	33590.0	6119.0	91950.0
116.30423	39.916505	31.0	5211.282365658436	41.0	398.8785053367148	38.0	1108.0	26742.0	5992.0	72542.0
116.304145	39.927931	13.0	6483.295820823173	8.0	201.95867924249265	35.0	1108.0	26947.0	5992.0	72907.0
116.304182	39.916803	61.0	5345.6872579484125	9.0	105.26606597680522	38.0	1108.0	30587.0	6110.0	82947.0
116.30415	39.926416	31.0	6415.59700000934	0.0	173.69474280185472	35.0	1108.0	30827.0	6110.0	83347.0
116.304332	39.915835	30.0	5563.727573561014	54.0	430.597243783418	38.0	1108.0	34288.0	6118.0	93128.0
116.30417	39.923185	30.0	6381.6825595073105	0.0	202.43249152682748	37.0	1108.0	34409.0	6118.0	93329.0
116.30448	39.916517	576.0	5312.754589673514	0.0	130.00172677049147	38.0	1108.0	41286.0	6123.0	112806.0
116.304212	39.916052	60.0	5178.3944578799355	42.0	356.8317421036921	38.0	1109.0	30362.0	5987.0	82602.0
116.304225	39.92137	30.0	8219.387535154388	0.0	157.9941167364348	37.0	1109.0	37586.0	6110.0	102626.0
116.304212	39.923541	30.0	8460.942487729884	0.0	134.62897485461386	37.0	1109.0	37646.0	6110.0	102726.0
116.30417	39.928498	59.0	9012.487839207482	0.0	436.712709607016	35.0	1109.0	37737.0	6110.0	102857.0
116.30426	39.916675	90.0	5776.258630841646	0.0	253.20878039800394	38.0	1110.0	35539.0	5979.0	95219.0
116.30418	39.921701	29.0	6335.536308352473	0.0	111.04381101401586	37.0	1110.0	35750.0	5979.0	95550.0
116.304085	39.923003	31.0	6481.047285598763	0.0	123.42262905820755	37.0	1110.0	35809.0	5979.0	95649.0
116.304095	39.927256	60.0	6954.440087122136	19.0	150.87511878907853	35.0	1110.0	35929.0	5979.0	95849.0
116.304217	39.914935	60.0	5181.496827729553	46.0	491.78396213019556	38.0	1110.0	30257.0	5987.0	82417.0
116.30416	39.926026	90.0	6415.650541544066	23.0	257.61369575019563	36.0	1110.0	30497.0	5987.0	82817.0
116.304295	39.916295	30.0	5120.551548990074	31.0	185.25495588497162	38.0	1110.0	32912.0	6110.0	90832.0
116.30424	39.916765	30.0	5140.355878230287	0.0	92.93539235656759	38.0	1201.0	30463.0	5939.0	82743.0
116.30423	39.917826	42.0	5258.414207608393	0.0	44.29092288147707	38.0	1201.0	30523.0	5939.0	82843.0
116.304145	39.9162	61.0	5148.748107500766	7.0	96.02643015094395	38.0	1201.0	38269.0	5979.0	103749.0
116.304185	39.916765	30.0	5291.831383848771	0.0	234.76543731526672	38.0	1201.0	26608.0	6110.0	72328.0
116.30414	39.921428	25.0	5810.69989202995	46.0	231.42755116149962	37.0	1201.0	26698.0	6110.0	72458.0
116.268728	39.914592	30.0	13177.079893508673	0.0	209.65659399787194	34.0	1201.0	34247.0	6111.0	93047.0
116.304305	39.915137	25.0	4861.2663488911385	0.0	321.79884800621204	38.0	1202.0	29981.0	6126.0	81941.0
116.30402	39.924293	14.0	6186.390750516701	32.0	293.5794046650987	36.0	1203.0	38291.0	6126.0	103811.0
116.30424	39.915585	28.0	4921.9239229274235	39.0	378.85348701856594	38.0	1204.0	27472.0	5897.0	73752.0
116.304232	39.917096	59.0	5090.045918442859	0.0	56.2993654685484	38.0	1204.0	27530.0	5897.0	73850.0
116.304195	39.922773	9.0	6018.751742421659	17.0	176.2461726347329	37.0	1204.0	40689.0	5935.0	111809.0
116.304375	39.9214	30.0	5898.378665750394	6.0	485.118942023579	37.0	1204.0	37166.0	5939.0	101926.0
116.304055	39.926303	30.0	6985.17838191729	0.0	95.87256700633768	36.0	1204.0	33191.0	5979.0	91311.0
116.304205	39.927461	2.0	6969.663487312916	15.0	219.2998996858171	35.0	1204.0	38743.0	5992.0	104543.0
116.30422	39.915444	60.0	5433.408635238626	0.0	110.059855226513	38.0	1204.0	35430.0	6110.0	95030.0
116.304242	39.922796	3.0	6251.617736730095	11.0	150.32920848111823	37.0	1204.0	35636.0	6110.0	95356.0
116.304377	39.915585	31.0	5331.391872567703	0.0	124.67381610832896	38.0	1204.0	33993.0	6115.0	92633.0
116.3043	39.922683	22.0	6029.953567783615	0.0	264.2647711872467	37.0	1204.0	30848.0	6118.0	83408.0
116.304275	39.9147	30.0	6594.206541348398	0.0	335.45811551563554	38.0	1205.0	32485.0	5939.0	90125.0
116.304045	39.925141	16.0	6396.5684166336605	8.0	111.89130563121034	36.0	1205.0	35432.0	5987.0	95032.0
116.304197	39.92428	30.0	6683.972972934719	60.0	393.7636575394485	36.0	1205.0	40833.0	5992.0	112033.0
116.304307	39.920308	30.0	6005.754253129619	0.0	81.56225242208072	37.0	1205.0	33876.0	6108.0	92436.0
116.30426	39.927018	66.0	6764.974754194	11.0	211.87003171354377	35.0	1205.0	34024.0	6108.0	92704.0
116.304157	39.925591	30.0	6136.389611668205	0.0	129.17821326920063	36.0	1205.0	30965.0	6119.0	83605.0
116.30441	39.916205	15.0	4706.449326691064	25.0	665.9339555657886	38.0	1206.0	39539.0	5873.0	105859.0
116.30428	39.917576	30.0	5359.060788954201	0.0	353.2069688215192	38.0	1206.0	34341.0	5979.0	93221.0
116.30423	39.918525	30.0	5464.735687015439	0.0	47.54642490771212	38.0	1206.0	34407.0	5979.0	93327.0
116.30422	39.924871	31.0	6170.854104999227	0.0	136.07538737465086	36.0	1206.0	34521.0	5979.0	93521.0
116.304192	39.91542	11.0	5402.315713156485	11.0	338.2407691489277	38.0	1206.0	33254.0	6126.0	91414.0
116.30413	39.916125	14.0	5481.8761235992815	20.0	43.546162078042464	38.0	1206.0	33281.0	6126.0	91441.0
116.304125	39.916696	10.0	5545.599631966045	9.0	17.288822871268927	38.0	1206.0	33319.0	6126.0	91519.0
116.304142	39.917528	34.0	5638.3626048586475	9.0	11.935709830751275	38.0	1206.0	33361.0	6126.0	91601.0
116.30418	39.920151	8.0	5930.66462918644	0.0	120.8346943083375	38.0	1206.0	33443.0	6126.0	91723.0
116.30419	39.920598	29.0	5980.470318133994	8.0	9.800446042178997	37.0	1206.0	33464.0	6126.0	91744.0
116.30419	39.92185	42.0	6119.805968995354	10.0	17.720452548733693	37.0	1206.0	33527.0	6126.0	91847.0
116.304117	39.925116	14.0	6483.831317870426	11.0	27.969253357043	36.0	1206.0	33653.0	6126.0	92053.0
116.304125	39.92553	103.0	6529.917741797728	9.0	15.822391126922444	36.0	1206.0	33669.0	6126.0	92109.0
116.30426	39.927726	71.0	6788.274548605737	16.0	23.148511438714653	35.0	1206.0	33840.0	6126.0	92400.0
116.304265	39.915509	29.0	5275.661311975889	20.0	325.6770356284209	38.0	1207.0	30288.0	5992.0	82448.0
116.304285	39.91764	31.0	5512.795591994622	14.0	178.0431759934175	38.0	1207.0	30377.0	5992.0	82617.0
116.304125	39.923171	31.0	6128.47630704666	0.0	175.96339086988286	37.0	1207.0	30497.0	5992.0	82817.0
116.304185	39.923586	8.0	6142.572179143783	36.0	320.5505023492196	36.0	1207.0	38754.0	6108.0	104554.0
116.304172	39.924233	10.0	6214.59717984607	8.0	14.143033644290714	36.0	1207.0	38765.0	6108.0	104605.0
116.30476	39.914517	34.0	4832.782346724483	34.0	219.22493922530518	38.0	1207.0	41913.0	6126.0	113833.0
116.304289	39.91454	45.0	5913.570062191701	54.0	363.27424073995127	38.0	1208.0	30543.0	5873.0	82903.0
116.304305	39.917768	30.0	6272.768537255858	10.0	99.9370119294429	38.0	1208.0	30618.0	5873.0	83018.0
116.304152	39.92293	56.0	6847.368453896323	0.0	241.0210066452172	37.0	1208.0	30708.0	5873.0	83148.0
116.304195	39.917381	30.0	5498.538225721062	0.0	287.7435988250924	38.0	1208.0	35583.0	6123.0	95303.0
116.304335	39.924496	15.0	7608.981924335038	39.0	425.69266830732175	36.0	1209.0	29840.0	6108.0	81720.0
116.30418	39.917395	30.0	5450.740438725681	0.0	145.0857145622519	38.0	1209.0	41096.0	6111.0	112456.0
116.304085	39.922775	24.0	6049.446506358341	0.0	85.71081190221437	37.0	1209.0	41276.0	6111.0	112756.0
116.304265	39.917903	25.0	5582.347425452368	11.0	683.4889777436034	38.0	1209.0	32217.0	6119.0	85657.0
116.3043	39.926166	267.0	5858.737852419711	10.0	36.0721337834556	36.0	1209.0	35662.0	6126.0	95422.0
116.30432	39.925758	17.0	6872.738202679923	14.0	28.459792994884044	36.0	1210.0	30052.0	5995.0	82052.0
116.304325	39.92279	15.0	5072.711073577986	22.0	20.48372518505606	37.0	1210.0	39392.0	6126.0	105632.0
116.30427	39.917516	30.0	6238.215411329548	7.0	169.38658096504153	38.0	1211.0	35537.0	5897.0	95217.0
116.304177	39.91663	78.0	5223.210626639233	0.0	41.723646208500455	38.0	1211.0	30770.0	6111.0	83250.0
116.304137	39.923326	30.0	5968.314178658539	0.0	200.98639538546223	37.0	1211.0	30914.0	6111.0	83514.0
116.304165	39.924796	69.0	6131.94307672579	0.0	74.10827370213559	36.0	1211.0	30974.0	6111.0	83614.0
116.304352	39.91737	60.0	5814.389286132334	0.0	134.81459855753238	38.0	1212.0	32638.0	5873.0	90358.0
116.304765	39.92292	1.0	6448.971864318397	23.0	25.749541264993137	37.0	1212.0	32797.0	5873.0	90637.0
116.304245	39.926006	11.0	6795.401600743351	18.0	253.22275627923813	36.0	1212.0	32833.0	5873.0	90713.0
116.304255	39.928283	24.0	7048.754426278017	0.0	175.79571223011428	35.0	1212.0	32879.0	5873.0	90759.0
116.304337	39.917025	30.0	5391.270834020266	0.0	232.01251022341927	38.0	1212.0	39621.0	6108.0	110021.0
116.30425	39.921786	15.0	5921.04720785945	30.0	434.85363300984307	37.0	1212.0	39716.0	6108.0	110156.0
116.304182	39.929638	6.0	6795.452516706962	0.0	223.5078949155542	35.0	1212.0	39826.0	6108.0	110346.0
116.304257	39.915055	58.0	5182.365146477332	14.0	100.16327236969677	38.0	1212.0	38526.0	6111.0	104206.0
116.304235	39.917648	30.0	5470.899722796778	9.0	69.32576614331137	38.0	1212.0	38644.0	6111.0	104404.0
116.304225	39.921455	30.0	5894.498026344265	44.0	261.69306160499656	37.0	1212.0	38734.0	6111.0	104534.0
116.304297	39.915509	30.0	5658.678706495865	38.0	376.2947945247303	38.0	1212.0	37317.0	6115.0	102157.0
116.304345	39.923586	7.0	6557.712671044879	0.0	183.80266986187777	36.0	1212.0	37557.0	6115.0	102557.0
116.30417	39.92756	30.0	7000.470071468877	23.0	197.5477059492196	35.0	1212.0	37650.0	6115.0	102730.0
116.30431	39.917798	30.0	5437.454634183104	0.0	155.60429803601787	38.0	1212.0	33870.0	6118.0	92430.0
116.30423	39.914712	52.0	5182.802432476435	19.0	184.37078981301298	38.0	1212.0	35654.0	6119.0	95414.0
116.304245	39.91752	24.0	5495.280551406484	0.0	52.29537827139059	38.0	1212.0	35772.0	6119.0	95612.0
116.304567	39.92275	2.0	6112.363926730447	12.0	12.912450753181153	37.0	1212.0	35957.0	6119.0	95917.0
116.30431	39.914785	24.0	5143.582256387618	55.0	361.0791452791046	38.0	1212.0	30443.0	6123.0	82723.0
116.304312	39.922551	14.0	6009.706631045561	0.0	107.52650090020906	37.0	1212.0	30630.0	6123.0	83030.0
116.304347	39.915149	11.0	5990.844545694534	32.0	316.9921723116057	38.0	1213.0	30665.0	5873.0	83105.0
116.304415	39.917561	31.0	6259.307713521886	0.0	138.08009172995457	38.0	1213.0	30705.0	5873.0	83145.0
116.30428	39.925826	59.0	7179.577018510232	0.0	48.51069265841653	36.0	1213.0	30905.0	5873.0	83505.0
116.30422	39.918286	60.0	5773.62766760496	18.0	97.93474254576839	38.0	1213.0	34070.0	5995.0	92750.0
116.304295	39.920765	30.0	6049.548873501449	0.0	121.73375459205846	37.0	1213.0	34160.0	5995.0	92920.0
116.30434	39.917021	24.0	7013.986655576857	0.0	52.968093635998585	38.0	1213.0	32885.0	6115.0	90805.0
116.30426	39.916372	29.0	5077.69561945798	35.0	329.91732682117583	38.0	1213.0	27163.0	6119.0	73243.0
116.304195	39.923368	30.0	5856.1437565255455	0.0	63.091926840518006	36.0	1213.0	27345.0	6119.0	73545.0
116.30422	39.924495	120.0	5981.7218302325855	0.0	44.338105676668285	36.0	1213.0	27405.0	6119.0	73645.0
116.304252	39.917615	30.0	5529.666006700229	0.0	85.63998559579257	38.0	1214.0	38481.0	5873.0	104121.0
116.304255	39.920036	20.0	5799.043847144662	0.0	164.22926262171939	38.0	1214.0	38551.0	5873.0	104231.0
116.304175	39.92222	11.0	6042.25448853645	27.0	229.24996928912657	37.0	1214.0	38601.0	5873.0	104321.0
116.304205	39.922043	19.0	7821.951343487786	35.0	283.94702804532886	37.0	1214.0	41938.0	5979.0	113858.0
116.30434	39.915365	29.0	5312.297100774677	41.0	345.25348588511366	38.0	1214.0	35748.0	5987.0	95548.0
116.30418	39.917393	60.0	5530.593140605857	59.0	470.9999190480792	38.0	1214.0	32918.0	5992.0	90838.0
116.30424	39.922046	29.0	6048.35118681532	0.0	170.23609292755359	37.0	1214.0	33008.0	5992.0	91008.0
116.3041	39.926675	29.0	6563.788415657091	0.0	96.07908018387934	35.0	1214.0	33151.0	5992.0	91231.0
116.304212	39.917471	30.0	5533.484753140818	0.0	112.83782080982742	38.0	1214.0	33979.0	6110.0	92619.0
116.30425	39.915607	30.0	5549.94076133217	14.0	123.72525509388568	38.0	1214.0	37320.0	6111.0	102200.0
116.304232	39.916816	30.0	5684.480756106892	0.0	83.1135032466248	38.0	1214.0	37380.0	6111.0	102300.0
116.304245	39.918021	30.0	5818.55832123995	0.0	72.10351354882359	38.0	1214.0	37440.0	6111.0	102400.0
116.304217	39.917491	61.0	5486.223010831929	0.0	331.1241818198897	38.0	1214.0	30330.0	6119.0	82530.0
116.304202	39.924488	9.0	6264.750387574908	9.0	211.18286990236243	36.0	1214.0	30450.0	6119.0	82730.0
116.304247	39.917465	60.0	5511.605281188414	0.0	134.96276247170792	38.0	1215.0	30733.0	5897.0	83213.0
116.304239	39.917708	30.0	9375.559172458698	0.0	70.02507612549039	38.0	1215.0	33260.0	6111.0	91420.0
116.303982	39.923465	24.0	10016.712301230462	0.0	283.9695883791537	37.0	1215.0	33356.0	6111.0	91556.0
116.30424	39.916002	30.0	5310.820350170762	21.0	285.6135418580046	38.0	1215.0	33949.0	6115.0	92549.0
116.304155	39.924596	13.0	6267.317590094965	17.0	140.87519077393085	36.0	1215.0	34159.0	6115.0	92919.0
116.304055	39.92605	7.0	6429.414907042948	11.0	95.71397439886893	36.0	1215.0	34200.0	6115.0	93000.0
116.304225	39.91663	60.0	5325.534224151759	0.0	256.8306022497511	38.0	1215.0	37656.0	6123.0	102736.0
116.304175	39.916968	30.0	5530.494902592082	0.0	140.30336350675654	38.0	1216.0	38490.0	5897.0	104130.0
116.304195	39.915934	30.0	5301.918056500964	57.0	420.8010707120771	38.0	1216.0	29961.0	5979.0	81921.0
116.304159	39.924678	28.0	6274.809412960642	51.0	430.36923540600674	36.0	1216.0	30057.0	5979.0	82057.0
116.304205	39.924925	21.0	6448.582495261075	40.0	317.3241772591769	36.0	1216.0	32270.0	5992.0	85750.0
116.304132	39.925345	33.0	6708.670618939463	41.0	354.59868948625046	36.0	1216.0	31190.0	6108.0	83950.0
116.30418	39.925685	30.0	6324.144510847326	0.0	236.96552643375878	36.0	1216.0	35065.0	6119.0	94425.0
116.304195	39.923108	13.0	6695.293656174148	10.0	193.3756488671545	37.0	1217.0	37322.0	6108.0	102202.0
116.304152	39.923278	30.0	7852.754038475911	0.0	221.4313980923883	37.0	1218.0	33045.0	5979.0	91045.0
116.30425	39.917341	30.0	5544.841659587539	34.0	367.1054577248232	38.0	1218.0	39216.0	5987.0	105336.0
116.30418	39.925263	18.0	6149.97406680141	6.0	184.69864601055963	36.0	1218.0	26906.0	6119.0	72826.0
116.30428	39.915665	30.0	5264.138678667311	0.0	95.1299133539648	38.0	1218.0	34168.0	6123.0	92928.0
116.304295	39.917351	60.0	5451.738103419358	0.0	78.55190344874588	38.0	1218.0	34258.0	6123.0	93058.0
116.304267	39.920843	30.0	5840.300308814806	0.0	75.44118128439654	37.0	1218.0	34378.0	6123.0	93258.0
116.304302	39.922476	43.0	6022.017860103926	0.0	73.99702176720548	37.0	1218.0	34438.0	6123.0	93358.0
116.304395	39.917508	29.0	4478.097460761094	0.0	144.3505578002773	38.0	1218.0	30608.0	6126.0	83008.0
116.304295	39.924045	12.0	5205.710769302736	12.0	48.06564043148441	36.0	1218.0	30766.0	6126.0	83246.0
116.304275	39.914455	60.0	5135.27682573118	0.0	42.928804688477214	38.0	1219.0	33750.0	5873.0	92230.0
116.304187	39.925601	4.0	7812.673399077249	0.0	37.05524119030009	36.0	1219.0	32758.0	5897.0	90558.0
116.3043	39.91753	29.0	5966.057790305326	34.0	334.3847119055426	38.0	1219.0	39321.0	5939.0	105521.0
116.304245	39.921993	54.0	5805.347484953681	24.0	240.32833858049293	37.0	1219.0	30973.0	5987.0	83613.0
116.30419	39.923525	18.0	5978.548190505288	14.0	35.106995928214296	36.0	1219.0	31039.0	5987.0	83719.0
116.30422	39.924808	30.0	6121.423831392335	0.0	104.34079426801577	36.0	1219.0	31087.0	5987.0	83807.0
116.304167	39.929283	48.0	6829.397155144296	0.0	171.38440417384317	35.0	1219.0	35442.0	5992.0	95042.0
116.304245	39.916597	30.0	4709.1409261731615	0.0	167.6929812526679	38.0	1219.0	26433.0	6111.0	72033.0
116.30433	39.916525	30.0	5099.540049791851	7.0	86.79462939617862	38.0	1220.0	34227.0	5979.0	93027.0
116.304297	39.917715	30.0	5231.998335729369	0.0	100.41168333445371	38.0	1220.0	34287.0	5979.0	93127.0
116.30423	39.921761	65.0	5917.551981883882	34.0	239.7792402143914	37.0	1220.0	38227.0	5987.0	103707.0
116.304287	39.917873	30.0	5516.7490576234395	0.0	59.53950451685974	38.0	1220.0	37053.0	5992.0	101733.0
116.30381	39.91805	30.0	6908.943126511414	13.0	293.62642211229854	38.0	1220.0	42958.0	6108.0	115558.0
116.30346	39.925805	15.0	7773.526887057667	19.0	274.284682994676	36.0	1220.0	43043.0	6108.0	115723.0
116.304275	39.917568	92.0	5437.3871999767125	0.0	199.70856717269953	38.0	1220.0	35558.0	6110.0	95238.0
116.304235	39.923348	16.0	6080.568437174471	30.0	244.2439462152382	37.0	1220.0	35679.0	6110.0	95439.0
116.304205	39.92516	30.0	6211.504003597415	4.0	81.28676228115675	36.0	1220.0	30807.0	6118.0	83327.0
116.30422	39.92138	48.0	5948.920355798834	0.0	184.4515630236203	37.0	1220.0	32761.0	6126.0	90601.0
116.304287	39.922973	30.0	6128.578153261556	6.0	10.296165580373493	37.0	1220.0	32824.0	6126.0	90704.0
116.30441	39.926073	60.0	6474.0344964816995	0.0	63.665356690362536	36.0	1220.0	32944.0	6126.0	90904.0
116.304332	39.928618	16.0	6758.030139365196	0.0	67.92887724242273	35.0	1220.0	33096.0	6126.0	91136.0
116.304325	39.929648	90.0	6872.633566567989	0.0	71.98967654255271	35.0	1220.0	33142.0	6126.0	91222.0
116.304152	39.917486	30.0	9537.079652891982	0.0	103.58762903706321	38.0	1221.0	27117.0	5873.0	73157.0
116.304175	39.922421	60.0	10086.171461840324	29.0	283.4983195007453	37.0	1221.0	27207.0	5873.0	73327.0
116.304265	39.917106	23.0	5397.313617307112	0.0	275.56170994341187	38.0	1221.0	41067.0	5897.0	112427.0
116.304155	39.924655	30.0	6293.09958290887	31.0	275.7229216695696	36.0	1221.0	30350.0	5939.0	82550.0
116.304275	39.915067	30.0	5260.0887298598545	0.0	120.72068799608547	38.0	1221.0	33124.0	5992.0	91204.0
116.30423	39.91676	60.0	5448.498965227997	11.0	80.13782031145662	38.0	1221.0	33185.0	5992.0	91305.0
116.304075	39.928688	30.0	6775.846541683754	0.0	100.2276370724755	35.0	1221.0	33514.0	5992.0	91834.0
116.304325	39.91667	60.0	5105.506385017823	0.0	122.72816848664844	38.0	1221.0	37721.0	6126.0	102841.0
116.304185	39.924133	60.0	6258.672884852463	37.0	269.05795368615566	36.0	1222.0	27066.0	5939.0	73106.0
116.304167	39.917408	30.0	4825.527070086765	0.0	115.60335748407745	38.0	1222.0	33836.0	5979.0	92356.0
116.304122	39.926495	30.0	5836.618160680565	33.0	176.5765335206938	35.0	1222.0	33986.0	5979.0	92626.0
116.304159	39.917996	30.0	5603.551562055839	0.0	160.92444114227666	38.0	1222.0	40580.0	5995.0	111620.0
116.304165	39.917033	30.0	5452.878330031617	0.0	116.05992534058822	38.0	1222.0	39160.0	6119.0	105240.0
116.304205	39.922673	57.0	6080.432725899584	0.0	338.81321039509584	37.0	1222.0	39250.0	6119.0	105410.0
116.304085	39.926073	180.0	6412.125434561772	30.0	274.27970287919646	36.0	1222.0	42224.0	6123.0	114344.0
116.304025	39.924831	25.0	6366.069417407877	0.0	165.41619406710166	36.0	1223.0	39778.0	6110.0	110258.0
116.304175	39.917801	30.0	6957.83999232305	0.0	86.01244232740065	38.0	1223.0	42079.0	6115.0	114119.0
116.304145	39.926713	29.0	5944.199260920886	0.0	321.55214780009703	35.0	1223.0	30086.0	6126.0	82126.0
116.304177	39.91684	30.0	5420.990962087248	0.0	179.4780491357464	38.0	1224.0	38259.0	5992.0	103739.0
116.304132	39.925061	30.0	6335.719089881991	15.0	299.32566126334433	36.0	1224.0	38379.0	5992.0	103939.0
116.30428	39.917076	30.0	5394.558738435574	0.0	174.6178318327354	38.0	1225.0	36815.0	5935.0	101335.0
116.30419	39.920636	15.0	5790.7459176381935	0.0	106.82020782749287	37.0	1225.0	36924.0	5935.0	101524.0
116.30419	39.922631	3.0	6012.738027081593	0.0	50.084742495369	37.0	1225.0	36995.0	5935.0	101635.0
116.30423	39.92287	63.0	6039.669574968399	27.0	21.430604756367536	37.0	1225.0	37007.0	5935.0	101647.0
116.304212	39.91568	60.0	4905.428830695195	37.0	353.2625252368025	38.0	1225.0	27074.0	5979.0	73114.0
116.30409	39.925781	90.0	6029.695662848824	0.0	87.41503194384465	36.0	1225.0	27284.0	5979.0	73444.0
116.30418	39.91627	60.0	4980.022715014146	0.0	355.89854291605144	38.0	1225.0	31015.0	6115.0	83655.0
116.303957	39.926683	30.0	6168.624272895394	36.0	200.04769293786399	35.0	1225.0	31289.0	6115.0	84129.0
116.304222	39.92206	14.0	5916.000878074581	32.0	249.78977667748282	37.0	1225.0	33803.0	6118.0	92323.0
116.30422	39.917046	12.0	4817.388595246952	0.0	109.76394051844643	38.0	1226.0	42320.0	5979.0	114520.0
116.30469	39.925761	37.0	6449.643225576008	14.0	19.32405145726762	36.0	1226.0	35517.0	6108.0	95157.0
116.30422	39.917198	62.0	5451.525708228666	0.0	111.3861280838095	38.0	1226.0	33908.0	6119.0	92508.0
116.304202	39.916791	61.0	6908.21735255581	0.0	108.61371022532138	38.0	1227.0	42049.0	5873.0	114049.0
116.304275	39.917503	30.0	5420.489133747506	9.0	152.905512432243	38.0	1227.0	35379.0	5935.0	94939.0
116.304289	39.917456	23.0	7084.949080562725	0.0	61.86702958345587	38.0	1227.0	32777.0	5992.0	90617.0
116.304262	39.91586	30.0	4721.411761084887	23.0	119.94351906712909	38.0	1227.0	39436.0	6111.0	105716.0
116.30424	39.917803	29.0	5451.311943266012	0.0	95.9125533120762	38.0	1228.0	33790.0	5935.0	92310.0
116.30426	39.927688	4.0	6551.219965539469	28.0	238.13122336276064	35.0	1228.0	33937.0	5935.0	92537.0
116.3043	39.922575	54.0	7499.747010672056	0.0	79.67779554738811	37.0	1228.0	38050.0	5987.0	103410.0
116.30419	39.921925	17.0	6019.0369566782465	38.0	448.3052572092117	37.0	1228.0	32592.0	6110.0	90312.0
116.304247	39.917061	12.0	8058.488440011588	0.0	51.848865424602806	38.0	1228.0	38530.0	6111.0	104210.0
116.30404	39.928026	34.0	6540.923641860396	0.0	235.09897793215205	35.0	1228.0	30719.0	6119.0	83159.0
116.304102	39.916696	23.0	5409.451294342465	0.0	54.99602285433594	38.0	1229.0	29996.0	5873.0	81956.0
116.304402	39.923456	23.0	6169.402189484048	28.0	42.09206516233769	36.0	1229.0	30167.0	5873.0	82247.0
116.303877	39.925343	76.0	6329.928164719539	0.0	238.69016049332708	36.0	1229.0	40732.0	5897.0	111852.0
116.304239	39.9156	30.0	5321.6230357571385	9.0	85.54820995197663	38.0	1229.0	35443.0	5939.0	95043.0
116.304425	39.926428	31.0	6560.150670079572	0.0	127.42791625558705	35.0	1229.0	35745.0	5939.0	95545.0
116.30413	39.917815	60.0	5940.8523083877135	0.0	339.2267399275681	38.0	1229.0	37222.0	5995.0	102022.0
116.30404	39.926718	14.0	6931.672901689266	0.0	158.02177834959005	35.0	1229.0	37437.0	5995.0	102357.0
116.30409	39.928838	60.0	7167.614958103516	0.0	70.70815546401428	35.0	1229.0	37511.0	5995.0	102511.0
116.304082	39.918751	30.0	5950.481355716425	0.0	156.43699864910042	38.0	1229.0	39474.0	6108.0	105754.0
116.304415	39.925966	36.0	6268.1711448326505	11.0	26.638658780628823	36.0	1229.0	32374.0	6115.0	85934.0
116.304185	39.91742	30.0	5509.16027554516	0.0	227.53565672037408	38.0	1229.0	26230.0	6119.0	71710.0
116.30423	39.917738	30.0	5590.7404193046505	0.0	188.50804336407717	38.0	1229.0	38261.0	6123.0	103741.0
116.304175	39.919355	30.0	5770.780817004079	0.0	108.37105750374354	38.0	1229.0	38321.0	6123.0	103841.0
116.30417	39.921776	49.0	6040.14943977977	16.0	149.9826002367815	37.0	1229.0	38381.0	6123.0	103941.0
116.303947	39.924368	89.0	6330.412131160533	13.0	127.06266859211918	36.0	1229.0	38493.0	6123.0	104133.0
116.30409	39.927485	30.0	6677.863174287828	0.0	76.66143372634215	35.0	1229.0	38642.0	6123.0	104402.0
116.304345	39.914364	27.0	5120.473251632562	46.0	353.50360383828314	38.0	1231.0	40848.0	5939.0	112048.0
116.304245	39.916848	30.0	5492.6137371771665	0.0	461.85787828410406	38.0	104.0	34078.0	5873.0	92758.0
116.30428	39.917186	30.0	6752.732336186946	0.0	151.34196742242185	38.0	104.0	32698.0	5897.0	90458.0
116.304207	39.925711	38.0	7704.705122642915	0.0	76.6466611955204	36.0	104.0	32920.0	5897.0	90840.0
116.304355	39.91594	13.0	4973.912308687694	30.0	524.4272535001263	38.0	104.0	35387.0	5935.0	94947.0
116.30416	39.925061	29.0	6231.81432230372	0.0	150.3260819288542	36.0	104.0	30458.0	5987.0	82738.0
116.304185	39.917343	30.0	5455.927280818161	0.0	182.02654066337908	38.0	104.0	26531.0	6108.0	72211.0
116.304165	39.91768	30.0	5457.299262668765	10.0	108.94743461453866	38.0	105.0	40647.0	5935.0	111727.0
116.30413	39.918855	30.0	5704.8657587205425	0.0	46.6270346083395	38.0	105.0	38222.0	5987.0	103702.0
116.304112	39.92229	14.0	6087.058138559039	0.0	130.73478804887935	37.0	105.0	38313.0	5987.0	103833.0
116.304047	39.928316	30.0	6766.88432809867	0.0	129.95928573625164	35.0	105.0	38471.0	5987.0	104111.0
116.304205	39.91763	16.0	5532.921394048195	0.0	98.91908183847382	38.0	105.0	35469.0	6110.0	95109.0
116.304125	39.927665	36.0	5531.815065616613	13.0	185.81496931784318	35.0	105.0	32535.0	6118.0	90215.0
116.304159	39.915909	30.0	5312.109245729703	0.0	194.60028418237545	38.0	105.0	39626.0	6119.0	110026.0
116.304292	39.914397	30.0	6587.865333227653	47.0	332.3496021623487	38.0	106.0	42106.0	5992.0	114146.0
116.304247	39.917551	30.0	6938.84745789266	0.0	179.30187016369388	38.0	106.0	42166.0	5992.0	114246.0
116.30424	39.917645	30.0	5493.294402411126	0.0	87.60146341153484	38.0	108.0	35517.0	5897.0	95157.0
116.304232	39.921383	17.0	5909.197196480722	39.0	261.2470512320985	37.0	108.0	35580.0	5897.0	95300.0
116.30423	39.915405	30.0	5233.832119142945	40.0	357.16485799622905	38.0	108.0	37264.0	5935.0	102104.0
116.30419	39.917358	30.0	5451.171747569958	0.0	81.59601539489293	38.0	108.0	37324.0	5935.0	102204.0
116.304045	39.922946	11.0	6073.085182774325	0.0	104.13682550718846	37.0	108.0	37474.0	5935.0	102434.0
116.304272	39.916815	60.0	5433.784763489466	0.0	87.89885091159373	38.0	108.0	33949.0	6123.0	92549.0
116.303614	39.926188	60.0	6229.606030705691	32.0	253.46389757563946	36.0	109.0	38313.0	5873.0	103833.0
116.30423	39.921831	26.0	6000.402742622895	17.0	250.8981925323665	37.0	109.0	30479.0	5897.0	82759.0
116.304157	39.922518	16.0	6267.474357992761	26.0	238.67488569532972	37.0	109.0	39574.0	5992.0	105934.0
116.304185	39.917768	30.0	6782.730239807422	0.0	265.22132215935676	38.0	109.0	42030.0	6111.0	114030.0
116.304217	39.92264	14.0	6019.123763597354	0.0	132.63350092746109	37.0	109.0	32594.0	6118.0	90314.0
116.304097	39.92805	54.0	6623.033885858346	25.0	271.37145391793706	35.0	109.0	32674.0	6118.0	90434.0
116.304355	39.916082	60.0	5554.6658590857205	23.0	308.76943740032874	38.0	110.0	35590.0	5873.0	95310.0
116.30434	39.914852	12.0	8111.304426573293	51.0	384.6896686845446	38.0	110.0	41901.0	5939.0	113821.0
116.304217	39.916735	50.0	8321.117109624902	9.0	15.689623408660259	38.0	110.0	41925.0	5939.0	113845.0
116.304245	39.91807	89.0	8472.073212376714	5.0	38.8331522072467	38.0	110.0	42005.0	5939.0	114005.0
116.304239	39.919548	21.0	8636.643295357952	10.0	86.01464443584264	38.0	110.0	42135.0	5939.0	114215.0
116.304225	39.920648	62.0	8759.041428201466	0.0	84.00469184776553	37.0	110.0	42185.0	5939.0	114305.0
116.30412	39.925006	37.0	9245.379058692488	0.0	65.57110923288948	36.0	110.0	42396.0	5939.0	114636.0
116.304312	39.927963	150.0	9575.58466208454	6.0	147.2164872797123	35.0	110.0	42486.0	5939.0	114806.0
116.304225	39.916811	24.0	5310.6869585712875	0.0	227.75180436847063	38.0	110.0	37306.0	5979.0	102146.0
116.304135	39.917593	30.0	5398.127376903713	0.0	56.045005724090764	38.0	110.0	37360.0	5979.0	102240.0
116.304215	39.917618	31.0	4863.888822799452	0.0	156.45681643710478	38.0	110.0	39478.0	5995.0	105758.0
116.304317	39.91657	90.0	6237.255153323596	22.0	247.3377747232826	38.0	110.0	30595.0	6108.0	82955.0
116.30421	39.920171	144.0	6059.753675964721	17.0	136.29748483553584	38.0	111.0	37556.0	5873.0	102556.0
116.304135	39.925693	30.0	6675.031278674154	0.0	115.99970746351669	36.0	111.0	37764.0	5873.0	102924.0
116.30432	39.916522	61.0	6705.567229384921	0.0	83.20222359214637	38.0	111.0	34283.0	5979.0	93123.0
116.304225	39.920158	30.0	7110.253401464028	15.0	239.00676405931856	38.0	111.0	34373.0	5979.0	93253.0
116.30439	39.917585	36.0	5259.760149843222	0.0	62.96102325233599	38.0	111.0	35661.0	6108.0	95421.0
116.304305	39.915372	133.0	5655.6039463127845	0.0	49.746965359492464	38.0	111.0	38711.0	6115.0	104511.0
116.304285	39.917553	90.0	5898.533107552309	0.0	45.71558199848673	38.0	111.0	38861.0	6115.0	104741.0
116.304202	39.920708	30.0	6249.781318098996	8.0	74.76999205171583	37.0	111.0	39011.0	6115.0	105011.0
116.30427	39.921481	181.0	6335.990560484487	0.0	75.24914672627202	37.0	111.0	39071.0	6115.0	105111.0
116.304267	39.917133	30.0	5492.01760349455	36.0	313.5930207375417	38.0	111.0	39602.0	6119.0	110002.0
116.30424	39.921093	90.0	5932.916188006338	0.0	45.04166109676266	37.0	111.0	39722.0	6119.0	110202.0
116.30419	39.923751	30.0	6228.723671764159	0.0	64.90728614439824	36.0	111.0	39841.0	6119.0	110401.0
116.30427	39.9248	32.0	6345.867147931885	0.0	54.613638383960925	36.0	111.0	39902.0	6119.0	110502.0
116.304295	39.927735	90.0	6672.565805074803	22.0	251.46506694233116	35.0	111.0	39962.0	6119.0	110602.0
116.304295	39.91669	82.0	5209.076860702741	15.0	331.3746438915514	38.0	111.0	41330.0	6123.0	112850.0
116.304207	39.920085	60.0	5586.949978223278	0.0	56.96668495667262	38.0	111.0	41472.0	6123.0	113112.0
116.304165	39.927761	60.0	6446.314443196393	0.0	172.2687007852574	35.0	111.0	41717.0	6123.0	113517.0
116.304095	39.921601	18.0	7486.035110407828	37.0	298.1926270801518	37.0	112.0	41957.0	5873.0	113917.0
116.304155	39.917296	30.0	5477.029911757315	0.0	62.980675008507596	38.0	112.0	35694.0	5897.0	95454.0
116.304095	39.918808	32.0	5645.408975380337	0.0	94.01825152094894	38.0	112.0	35754.0	5897.0	95554.0
116.30409	39.92173	23.0	5970.522151782555	32.0	222.7502746351101	37.0	112.0	35814.0	5897.0	95654.0
116.304195	39.915895	120.0	5292.275643626076	37.0	366.6118111037457	38.0	112.0	30557.0	5935.0	82917.0
116.304215	39.916237	60.0	5576.180150406198	0.0	109.61019984952064	38.0	112.0	32496.0	5992.0	90136.0
116.304572	39.927301	34.0	7751.98207476092	39.0	132.23371160937356	35.0	112.0	39967.0	6111.0	110607.0
116.30418	39.918106	60.0	6059.2683346469385	0.0	49.08371109730314	38.0	112.0	34050.0	6119.0	92730.0
116.304137	39.922596	30.0	6558.888747899449	0.0	178.3551902626249	37.0	112.0	34170.0	6119.0	92930.0
116.304162	39.922291	1.0	6037.124965868006	40.0	357.26567459990366	37.0	114.0	39397.0	6123.0	105637.0
116.304165	39.922623	30.0	5900.029376039207	0.0	238.32546714224648	37.0	115.0	38278.0	5873.0	103758.0
116.30423	39.91682	30.0	5057.318385048172	0.0	61.19468110580067	38.0	115.0	32112.0	5935.0	85512.0
116.3042	39.92221	13.0	5657.043185010701	36.0	367.6171026646086	37.0	115.0	32202.0	5935.0	85642.0
116.304195	39.922233	60.0	5444.818506641392	21.0	117.61201984794468	37.0	115.0	30083.0	6118.0	82123.0
116.304187	39.925323	80.0	5788.693741231302	0.0	90.38687664635512	36.0	115.0	30173.0	6118.0	82253.0
116.30421	39.915632	30.0	4937.685443658711	48.0	399.10081210314144	38.0	116.0	26753.0	5935.0	72553.0
116.304202	39.91801	30.0	5202.290952907506	0.0	67.2150827089856	38.0	116.0	26813.0	5935.0	72653.0
116.304275	39.917741	18.0	5299.339674996513	7.0	108.0372709702625	38.0	116.0	35733.0	5987.0	95533.0
116.30415	39.926651	15.0	6816.696975921938	15.0	136.40326758987638	35.0	116.0	34463.0	6115.0	93423.0
116.304085	39.928138	10.0	6982.3528034577475	16.0	41.52086119747926	35.0	116.0	34492.0	6115.0	93452.0
116.30418	39.914505	28.0	5191.579656288091	0.0	165.78250372485363	38.0	116.0	37134.0	6123.0	101854.0
116.304205	39.91744	30.0	5518.164445038728	0.0	99.37257566066965	38.0	116.0	37221.0	6123.0	102021.0
116.304177	39.921185	61.0	5561.972071299926	13.0	166.00467788127898	37.0	117.0	37745.0	5873.0	102905.0
116.304252	39.915345	30.0	5191.319241442841	8.0	112.93280896896744	38.0	117.0	29009.0	5987.0	80329.0
116.304255	39.916665	30.0	5338.1877103649595	0.0	96.24349031402363	38.0	117.0	29069.0	5987.0	80429.0
116.30412	39.926108	60.0	6392.4104691605	0.0	84.55992298185281	36.0	117.0	29318.0	5987.0	80838.0
116.304375	39.922708	7.0	5809.620105790217	17.0	36.64479934109174	37.0	117.0	35548.0	5992.0	95228.0
116.304289	39.91778	35.0	6165.821229866241	0.0	207.84445555476196	38.0	117.0	31718.0	6108.0	84838.0
116.304267	39.916921	30.0	5085.127005078391	36.0	322.82181472920456	38.0	118.0	38547.0	5979.0	104227.0
116.30423	39.917495	30.0	5863.022150664501	17.0	314.0982185400719	38.0	118.0	37263.0	6108.0	102103.0
116.304275	39.915999	61.0	5361.69562696489	0.0	71.65467960059769	38.0	118.0	35448.0	6110.0	95048.0
116.304262	39.917806	30.0	5562.764904044504	0.0	55.63571936076492	38.0	118.0	35538.0	6110.0	95218.0
116.30429	39.929741	48.0	6891.164624200564	28.0	224.34785479859454	35.0	118.0	35737.0	6110.0	95537.0
116.304145	39.925605	30.0	6307.018892609342	0.0	472.2237464346136	36.0	119.0	31697.0	5897.0	84817.0
116.30408	39.923893	30.0	5321.886133152669	41.0	310.4476893138438	36.0	119.0	37506.0	5979.0	102506.0
116.304105	39.917651	29.0	5576.343873438918	0.0	124.53920144735987	38.0	119.0	26401.0	6110.0	72001.0
116.303967	39.919838	30.0	4708.201051660646	0.0	176.70818625505547	38.0	119.0	39931.0	6111.0	110531.0
116.304277	39.917626	30.0	5456.582035529207	0.0	235.63088020120682	38.0	119.0	40907.0	6118.0	112147.0
116.304212	39.916893	60.0	5274.334166685892	19.0	148.0952859657994	38.0	119.0	29012.0	6119.0	80332.0
116.304177	39.922863	30.0	5938.590501941407	36.0	292.848395162343	37.0	119.0	29132.0	6119.0	80532.0
116.304175	39.916462	60.0	5382.030902582442	0.0	94.79708502370838	38.0	119.0	34055.0	6123.0	92735.0
116.304187	39.925263	29.0	6644.053616592543	37.0	342.1356981726484	36.0	120.0	31085.0	5939.0	83805.0
116.30413	39.917861	30.0	5485.071864179679	0.0	361.76554819714806	38.0	120.0	37464.0	5979.0	102424.0
116.304005	39.923028	90.0	6000.767986220352	0.0	492.6260927341155	37.0	121.0	40698.0	5935.0	111818.0
116.304255	39.925305	30.0	6392.823510226219	0.0	73.93904068665778	36.0	122.0	31573.0	5987.0	84613.0
116.30412	39.922141	15.0	8900.89134591858	35.0	295.18366577870245	37.0	122.0	26546.0	6111.0	72226.0
116.304225	39.91734	30.0	5898.507196982371	0.0	171.3472333827007	38.0	123.0	40863.0	5897.0	112103.0
116.304272	39.916577	29.0	5395.941144945821	0.0	229.4978432018898	38.0	123.0	37220.0	5987.0	102020.0
116.30418	39.916047	91.0	5265.499306853733	0.0	199.71764259439107	38.0	123.0	41806.0	6108.0	113646.0
116.304215	39.914742	30.0	4668.35533841652	28.0	187.7007764085578	38.0	123.0	38222.0	6111.0	103702.0
116.30402	39.926143	95.0	5937.286801448183	14.0	293.4118530068454	36.0	123.0	38463.0	6111.0	104103.0
116.304239	39.916991	90.0	5468.094190246516	11.0	209.67409779663083	38.0	123.0	35735.0	6115.0	95535.0
116.304207	39.922313	24.0	6060.293270754518	26.0	204.3953856048816	37.0	123.0	35891.0	6115.0	95811.0
116.304295	39.914382	14.0	5076.10455592044	0.0	153.21874136723937	38.0	124.0	38498.0	5935.0	104138.0
116.304245	39.916407	60.0	5301.455925034064	0.0	135.44397042617817	38.0	124.0	38542.0	5935.0	104222.0
116.3042	39.918135	36.0	5493.916498227344	0.0	53.73737628119872	38.0	124.0	38633.0	5935.0	104353.0
116.30419	39.918085	20.0	5588.964978312079	0.0	258.0221624444673	38.0	124.0	33963.0	5987.0	92603.0
116.304105	39.926518	31.0	6528.16574101131	17.0	211.44287730568468	35.0	124.0	34154.0	5987.0	92914.0
116.304237	39.916215	30.0	5322.129960560665	37.0	324.6655990289953	38.0	124.0	28922.0	5995.0	80202.0
116.304115	39.91807	30.0	5682.288580003267	0.0	99.61335711188879	38.0	124.0	35927.0	6111.0	95847.0
116.304337	39.916931	30.0	5374.43094052484	0.0	94.12889419687329	38.0	124.0	37673.0	6115.0	102753.0
116.304295	39.916791	19.0	6718.792907000299	0.0	36.36204425992757	38.0	124.0	42592.0	6118.0	114952.0
116.304205	39.91737	30.0	5530.773535852325	15.0	120.19138528758013	38.0	124.0	39872.0	6123.0	110432.0
116.304177	39.928136	8.0	6599.954923327033	7.0	161.4465076694584	35.0	125.0	31225.0	5935.0	84025.0
116.30409	39.917765	60.0	8170.186514332809	11.0	79.74633924874655	38.0	125.0	41999.0	5995.0	113959.0
116.304265	39.925496	30.0	6556.707883569645	30.0	336.9142656716499	36.0	125.0	29033.0	6111.0	80353.0
116.30423	39.91687	31.0	5379.045873431482	0.0	222.52652243195996	38.0	125.0	37294.0	6119.0	102134.0
116.304247	39.916876	60.0	5355.747214021335	27.0	322.2438628818306	38.0	125.0	35580.0	6123.0	95300.0
116.30423	39.915685	59.0	5248.17781235149	0.0	62.64133349585843	38.0	126.0	42168.0	5897.0	114248.0
116.30409	39.927525	53.0	6565.705157219637	0.0	169.02429252520807	35.0	126.0	42414.0	5897.0	114654.0
116.3042	39.917535	30.0	6910.764411181066	7.0	81.11189114476647	38.0	126.0	38948.0	5979.0	104908.0
116.3042	39.920391	30.0	7228.543084775904	21.0	207.50955057672917	37.0	126.0	39007.0	5979.0	105007.0
116.304202	39.922411	21.0	7453.295895643372	24.0	149.9828188276574	37.0	126.0	39068.0	5979.0	105108.0
116.304275	39.916427	91.0	5851.055218709746	0.0	84.33847685896869	38.0	126.0	41116.0	6111.0	112516.0
116.304272	39.917043	32.0	5668.03923194219	26.0	253.56107903797826	38.0	126.0	39719.0	6115.0	110159.0
116.30421	39.92337	30.0	6372.304900533303	29.0	209.96423117945503	37.0	126.0	39835.0	6115.0	110355.0
116.304112	39.927635	16.0	6393.088828837062	11.0	221.94600345647217	35.0	126.0	29410.0	6123.0	81010.0
116.30383	39.922701	9.0	6119.102708695193	14.0	21.24773284845619	37.0	127.0	26072.0	5935.0	71432.0
116.304107	39.929145	14.0	6293.354898295545	11.0	472.2382054321522	35.0	127.0	37040.0	5992.0	101720.0
116.304075	39.924583	418.0	5843.838305214221	15.0	57.30816535864963	36.0	127.0	33555.0	5995.0	91915.0
116.30418	39.922583	12.0	6530.2638456662635	0.0	504.3583245206654	37.0	127.0	40943.0	6123.0	112223.0
116.30426	39.917673	52.0	6442.4337611728315	0.0	244.40059943697037	38.0	128.0	42012.0	5992.0	114012.0
116.304227	39.91617	22.0	5302.029267648502	25.0	195.82305396110726	38.0	129.0	34166.0	5935.0	92926.0
116.30414	39.924038	61.0	6177.769503309286	0.0	71.1139988049742	36.0	129.0	34400.0	5935.0	93320.0
116.30423	39.925443	36.0	6312.287371787213	5.0	82.64648227605812	36.0	129.0	29189.0	5939.0	80629.0
116.304107	39.924516	30.0	6306.58281644067	0.0	204.25511114938172	36.0	129.0	26442.0	5987.0	72042.0
116.304205	39.916627	30.0	4939.884306086208	0.0	266.2538627457371	38.0	129.0	31613.0	5995.0	84653.0
116.304185	39.926046	31.0	5988.126831495393	34.0	165.4299528733398	36.0	129.0	31763.0	5995.0	84923.0
116.304262	39.915902	30.0	5603.655529961705	32.0	307.8687119507321	38.0	129.0	37304.0	6115.0	102144.0
116.30404	39.917643	37.0	5036.641407536235	0.0	232.37753766447668	38.0	131.0	38323.0	5873.0	103843.0
116.30412	39.926086	24.0	7105.138019764695	18.0	626.1937176584026	36.0	131.0	39626.0	6108.0	110026.0
116.30395	39.926601	36.0	7164.262890865375	16.0	17.070087607256294	35.0	131.0	39654.0	6108.0	110054.0
116.304215	39.915987	30.0	5378.626257833815	0.0	186.03966445579053	38.0	131.0	34058.0	6110.0	92738.0
116.304177	39.917526	60.0	5549.905880530908	0.0	88.83259303277404	38.0	131.0	34118.0	6110.0	92838.0
116.304117	39.922213	24.0	6071.465231464876	0.0	135.77967499217442	37.0	131.0	34238.0	6110.0	93038.0
116.30412	39.914907	30.0	4391.285076307508	0.0	90.36173200542241	38.0	131.0	37413.0	6111.0	102333.0
116.304142	39.923055	26.0	5297.9136433090425	0.0	240.34184337751813	37.0	131.0	37623.0	6111.0	102703.0
