116.304755	39.882503	182.0	1552.662674694199	9.0	10.851824915689836	43.0	1101.0	31945.0	5897.0	85225.0
116.304685	39.882625	58.0	1970.2022383809442	22.0	33.81397263751833	43.0	1101.0	36799.0	5979.0	101319.0
116.301985	39.882185	630.0	1134.088419260579	19.0	260.7633971730194	43.0	1101.0	29270.0	5987.0	80750.0
116.304375	39.888578	30.0	2046.122996342573	28.0	402.80706467587146	43.0	1101.0	30020.0	5987.0	82020.0
116.30447	39.889858	66.0	2188.9050030559238	12.0	90.26584401962666	43.0	1101.0	30078.0	5987.0	82118.0
116.30545	39.883201	30.0	1402.1924128848134	14.0	24.628704453396196	43.0	1101.0	34657.0	5992.0	93737.0
116.30514	39.882398	13.0	1498.497533671288	8.0	18.08910852456522	43.0	1101.0	34701.0	5992.0	93821.0
116.304472	39.887175	120.0	2060.4005153351895	23.0	451.2995431015357	43.0	1101.0	34820.0	5992.0	94020.0
116.304784	39.882491	15.0	5786.910047861554	27.0	100.16814966692269	43.0	1101.0	41643.0	6108.0	113403.0
116.302515	39.88238	239.0	1202.2084200343834	17.0	273.0177862190734	43.0	1101.0	25504.0	6110.0	70504.0
116.305192	39.883493	137.0	1465.2259839551707	0.0	6.139460321323707	43.0	1101.0	25803.0	6110.0	71003.0
116.30436	39.887838	11.0	1968.1097806257083	0.0	223.44233031099543	43.0	1101.0	26001.0	6110.0	71321.0
116.305432	39.88318	11.0	1723.1892701228178	25.0	24.438833852497424	43.0	1101.0	38818.0	6118.0	104658.0
116.305075	39.882441	4.0	1813.9623249061071	7.0	40.32850012064396	43.0	1101.0	38847.0	6118.0	104727.0
116.305392	39.883091	27.0	2761.8764074555484	29.0	46.78718503827431	43.0	1102.0	33315.0	5987.0	91515.0
116.304435	39.88505	30.0	3146.6248275976905	10.0	134.16986649735742	43.0	1102.0	33401.0	5987.0	91641.0
116.303942	39.88303	17.0	1230.8704312910986	43.0	363.4487516102041	43.0	1102.0	38967.0	6115.0	104927.0
116.304395	39.883363	59.0	1297.122452195717	0.0	41.19695599767907	43.0	1102.0	29597.0	6118.0	81317.0
116.305465	39.883288	30.0	1412.491467556711	8.0	29.8041561068176	43.0	1102.0	29676.0	6118.0	81436.0
116.304935	39.882498	6.0	1525.628908772143	7.0	11.989661768799564	43.0	1102.0	29756.0	6118.0	81556.0
116.305372	39.883372	13.0	1355.4132795415287	14.0	22.302976606848066	43.0	1102.0	34738.0	6119.0	93858.0
116.304677	39.884107	30.0	1663.5308907347855	9.0	157.76667284498407	43.0	1102.0	34828.0	6119.0	94028.0
116.304455	39.885335	25.0	1801.5506788182909	0.0	75.87137513706134	43.0	1102.0	34888.0	6119.0	94128.0
116.303525	39.88269	346.0	1228.2461545299518	19.0	41.7425469598182	43.0	1102.0	25756.0	6123.0	70916.0
116.302235	39.882351	178.0	1294.0939451237446	31.0	223.87204101702753	43.0	1103.0	31741.0	5873.0	84901.0
116.305364	39.882883	205.0	1660.6409243202206	0.0	0.0	43.0	1103.0	32004.0	5873.0	85324.0
116.304285	39.887425	145.0	2183.9920785213767	0.0	70.44628768562475	43.0	1103.0	32280.0	5873.0	85800.0
116.30538	39.883301	13.0	1461.9324129869553	29.0	21.333563325830216	43.0	1103.0	40029.0	5897.0	110709.0
116.30536	39.883335	27.0	1362.1376891226914	20.0	21.558070401554595	43.0	1103.0	38934.0	5935.0	104854.0
116.30316	39.882725	60.0	1173.0360809243866	0.0	218.49466455759648	43.0	1103.0	34776.0	5939.0	93936.0
116.30507	39.882423	67.0	1518.6700168554044	8.0	55.69124440423505	43.0	1103.0	34961.0	5939.0	94241.0
116.305205	39.882558	91.0	1964.024059694488	7.0	38.9662997268986	43.0	1103.0	36921.0	5979.0	101521.0
116.302165	39.882233	29.0	1154.4787004282825	0.0	33.88089457825459	43.0	1103.0	25737.0	6110.0	70857.0
116.30313	39.8827	30.0	1251.9517015190293	0.0	58.46019655370497	43.0	1103.0	25796.0	6110.0	70956.0
116.304775	39.883408	298.0	1413.029556056619	0.0	90.90858458134785	43.0	1103.0	25856.0	6110.0	71056.0
116.30235	39.882366	589.0	1062.8301113338978	0.0	67.3191906838443	43.0	1103.0	29444.0	6119.0	81044.0
116.304432	39.886428	11.0	1701.7189241156389	9.0	119.0662946076581	43.0	1103.0	30063.0	6119.0	82103.0
116.304475	39.888105	30.0	1888.363422154059	25.0	131.68028272810656	43.0	1103.0	30104.0	6119.0	82144.0
116.30503	39.882466	35.0	1497.5296119656637	0.0	34.09991282892839	43.0	1103.0	33207.0	6123.0	91327.0
116.30454	39.88863	45.0	2188.576385485044	16.0	167.81443826723947	43.0	1103.0	33320.0	6123.0	91520.0
116.30496	39.882365	3.0	1441.9739373915972	26.0	30.18019902219117	43.0	1104.0	29605.0	5873.0	81325.0
116.30347	39.882885	30.0	1190.8805847811273	51.0	389.90894946838927	43.0	1104.0	42499.0	5935.0	114819.0
116.305387	39.883407	9.0	1379.9959375289884	17.0	15.990250893788204	43.0	1104.0	42533.0	5935.0	114853.0
116.305422	39.88269	19.0	1478.756094943743	10.0	18.692200851233284	43.0	1104.0	38810.0	5987.0	104650.0
116.30443	39.8852	31.0	1879.0683435475955	0.0	128.792288479227	43.0	1104.0	38918.0	5987.0	104838.0
116.302825	39.88249	29.0	5192.467927512861	22.0	306.7914313378931	43.0	1104.0	41417.0	6108.0	113017.0
116.304635	39.883243	30.0	5368.309474076382	0.0	96.78903146690901	43.0	1104.0	41476.0	6108.0	113116.0
116.304977	39.882328	87.0	5567.194029217408	6.0	21.469853451906165	43.0	1104.0	41555.0	6108.0	113235.0
116.304575	39.888325	34.0	2345.171613003051	0.0	140.5310786567281	43.0	1104.0	33386.0	6119.0	91626.0
116.304397	39.88825	17.0	2710.5716812976325	42.0	314.5432692958473	43.0	1105.0	29439.0	5939.0	81039.0
116.30481	39.882303	3.0	1635.3818384744563	27.0	21.113646444821608	43.0	1105.0	25554.0	5992.0	70554.0
116.304425	39.886497	10.0	2107.7105285656753	13.0	20.321779014475194	43.0	1105.0	25611.0	5992.0	70651.0
116.304037	39.882971	7.0	1764.2259413788906	40.0	336.602298740534	43.0	1105.0	36814.0	5995.0	101334.0
116.304382	39.88315	12.0	4299.580195835448	14.0	229.18312739402364	43.0	1105.0	41461.0	6110.0	113101.0
116.305432	39.88305	11.0	4424.3602433892775	30.0	43.919212505348355	43.0	1105.0	41480.0	6110.0	113120.0
116.30443	39.885132	29.0	4855.96867754568	0.0	110.35053713042453	43.0	1105.0	41571.0	6110.0	113251.0
116.30277	39.88276	116.0	800.8506011776253	19.0	353.92665325989685	43.0	1106.0	31787.0	5873.0	84947.0
116.304892	39.883502	54.0	1000.61130171067	0.0	48.354697667285656	43.0	1106.0	31933.0	5873.0	85213.0
116.30539	39.882751	169.0	1117.8768827441506	8.0	55.66324744147542	43.0	1106.0	32026.0	5873.0	85346.0
116.304432	39.885375	150.0	1437.8482862942537	0.0	48.52613299434961	43.0	1106.0	32225.0	5873.0	85705.0
116.30329	39.882796	30.0	1719.3219599376816	0.0	98.06656054654428	43.0	1106.0	33083.0	5987.0	91123.0
116.3054	39.8827	16.0	2004.694937986178	12.0	70.6533313373047	43.0	1106.0	33171.0	5987.0	91251.0
116.3047	39.882703	76.0	2097.436154505942	11.0	35.48893083340151	43.0	1106.0	33226.0	5987.0	91346.0
116.305157	39.883563	314.0	1089.3947451467131	14.0	24.500454151933404	43.0	1106.0	29259.0	5992.0	80739.0
116.30451	39.886983	30.0	1562.6342323626118	0.0	118.71577110072786	43.0	1106.0	29633.0	5992.0	81353.0
116.302045	39.882106	72.0	1109.6024543563888	0.0	109.1473570510548	43.0	1106.0	25688.0	6110.0	70808.0
116.303377	39.882798	30.0	1247.2823427610979	0.0	62.66471605680903	43.0	1106.0	25790.0	6110.0	70950.0
116.305442	39.882716	30.0	1522.6992808548694	12.0	59.46257489799822	43.0	1106.0	25930.0	6110.0	71210.0
116.304335	39.888047	25.0	2203.0452061609885	0.0	255.7969744848089	43.0	1106.0	26086.0	6110.0	71446.0
116.30428	39.882241	4.0	4330.382146736548	24.0	723.4930898201337	43.0	1106.0	41603.0	6111.0	113323.0
116.303025	39.882625	30.0	1204.686540296773	39.0	315.8870626434266	43.0	1106.0	34609.0	6123.0	93649.0
116.30503	39.883432	8.0	1398.0844719099036	0.0	93.8516023690687	43.0	1106.0	34669.0	6123.0	93749.0
116.30532	39.882701	19.0	1498.6475816809022	7.0	39.49839470583847	43.0	1106.0	34716.0	6123.0	93836.0
116.30462	39.883251	30.0	1647.58605396702	0.0	66.4789339298425	43.0	1106.0	34789.0	6123.0	93949.0
116.303927	39.88303	44.0	1230.9888826866807	42.0	344.5201749056994	43.0	1107.0	36699.0	5935.0	101139.0
116.305382	39.882781	5.0	1439.1349159514295	0.0	56.64738280186025	43.0	1107.0	36796.0	5935.0	101316.0
116.305275	39.882568	25.0	1464.615956094475	8.0	16.50140378556734	43.0	1107.0	36814.0	5935.0	101334.0
116.30509	39.882513	3.0	4300.7625667560815	21.0	32.065458003121705	43.0	1107.0	41365.0	5939.0	112925.0
116.301805	39.881998	90.0	1087.738687770368	0.0	131.38345483215787	43.0	1107.0	25695.0	5979.0	70815.0
116.303965	39.883045	341.0	1306.305348277245	0.0	70.5739610040759	43.0	1107.0	25815.0	5979.0	71015.0
116.304467	39.885362	30.0	1746.223228299629	0.0	62.88060196016387	43.0	1107.0	26186.0	5979.0	71626.0
116.30545	39.883253	43.0	1373.894332315739	14.0	33.66574058669518	43.0	1107.0	33186.0	5987.0	91306.0
116.304665	39.882626	4.0	1527.9772006668156	0.0	40.85523597896722	43.0	1107.0	33287.0	5987.0	91447.0
116.304535	39.889103	28.0	2249.697451970903	0.0	337.5065001435625	43.0	1107.0	33563.0	5987.0	91923.0
116.30347	39.882811	18.0	2327.070542849705	47.0	369.1603342244421	43.0	1107.0	38897.0	5995.0	104817.0
116.30528	39.883056	10.0	1098.3359611768137	30.0	25.00553374432837	43.0	1107.0	42281.0	6111.0	114441.0
116.30398	39.883003	124.0	867.8408095120091	8.0	46.61129942290959	43.0	1107.0	29335.0	6115.0	80855.0
116.305262	39.88262	146.0	1076.3502386254077	7.0	32.2770776297478	43.0	1107.0	29547.0	6115.0	81227.0
116.30468	39.886558	89.0	1537.659328550879	0.0	137.7552014808169	43.0	1107.0	29735.0	6115.0	81535.0
116.304577	39.888357	30.0	1760.6424741451563	0.0	79.22155163271584	43.0	1107.0	29890.0	6115.0	81810.0
116.30459	39.890033	30.0	1947.1241602106143	21.0	128.2911074866693	43.0	1107.0	29950.0	6115.0	81910.0
116.302965	39.882578	930.0	1138.0430501557014	0.0	124.43903060725822	43.0	1107.0	31547.0	6119.0	84547.0
116.305287	39.883306	3.0	1547.4514946059167	26.0	124.6583185469185	43.0	1108.0	38984.0	5873.0	104944.0
116.302625	39.88243	149.0	1135.5980814073737	27.0	255.89989878107232	43.0	1108.0	25779.0	5992.0	70939.0
116.304415	39.883185	19.0	1310.9599785272128	7.0	22.379761608413634	43.0	1108.0	25948.0	5992.0	71228.0
116.305435	39.882896	127.0	1455.6998537353038	0.0	37.39278810053048	43.0	1108.0	26037.0	5992.0	71357.0
116.30506	39.883495	30.0	1396.3158463356444	0.0	86.243475204104	43.0	1108.0	29432.0	6110.0	81032.0
116.30542	39.88275	7.0	1497.6771857467181	0.0	48.985533187358364	43.0	1108.0	29515.0	6110.0	81155.0
116.30531	39.882575	145.0	1519.631272892171	8.0	11.336988546803662	43.0	1108.0	29528.0	6110.0	81208.0
116.304247	39.883126	21.0	1309.6618341221085	25.0	297.3570132542636	43.0	1108.0	36464.0	6115.0	100744.0
116.30452	39.885122	30.0	1868.3516356370073	20.0	289.91692401189556	43.0	1108.0	36540.0	6115.0	100900.0
116.304697	39.88343	37.0	1698.8677130304607	8.0	138.58260212998138	43.0	1108.0	33486.0	6118.0	91806.0
116.30538	39.882741	89.0	1841.233032870384	6.0	14.821836985021466	43.0	1108.0	33569.0	6118.0	91929.0
116.304517	39.886728	61.0	2323.978531854708	0.0	90.91722906690588	43.0	1108.0	33719.0	6118.0	92159.0
116.304537	39.888498	29.0	2521.317877981133	0.0	54.38823026068487	43.0	1108.0	33839.0	6118.0	92359.0
116.30436	39.883183	13.0	1759.382405767779	21.0	239.88700623778567	43.0	1109.0	38931.0	5979.0	104851.0
116.304755	39.882323	9.0	2022.5150175521508	9.0	15.580863899770975	43.0	1109.0	38980.0	5979.0	104940.0
116.30342	39.88289	30.0	1228.655610128235	13.0	178.71522210689076	43.0	1109.0	29504.0	5987.0	81144.0
116.305385	39.883205	147.0	1450.5676467678506	16.0	20.804091552354944	43.0	1109.0	29639.0	5987.0	81359.0
116.30159	39.882081	91.0	595.8584476947324	0.0	127.80122304368852	43.0	1109.0	25688.0	5995.0	70808.0
116.30497	39.883662	228.0	934.8857142821804	0.0	82.53619056177043	43.0	1109.0	25813.0	5995.0	71013.0
116.30422	39.881598	2.0	1405.8163459193079	43.0	110.36415362086916	43.0	1109.0	36482.0	6110.0	100802.0
116.302505	39.88246	326.0	1152.3047087085606	0.0	213.07618110736018	43.0	1109.0	31598.0	6119.0	84638.0
116.30538	39.882798	169.0	1473.501225454717	9.0	54.31148185810886	43.0	1109.0	31945.0	6119.0	85225.0
116.304077	39.883168	29.0	1184.6471335759618	34.0	535.895701209654	43.0	1110.0	38955.0	5873.0	104915.0
116.30482	39.88238	5.0	1416.7389563503605	9.0	8.973656552993411	43.0	1110.0	39033.0	5873.0	105033.0
116.30447	39.883285	47.0	1527.3329002170815	0.0	78.61236757439488	43.0	1110.0	39076.0	5873.0	105116.0
116.302605	39.882398	240.0	1169.2159949306663	22.0	101.49379723315593	43.0	1110.0	33017.0	5897.0	91017.0
116.30493	39.88244	13.0	1573.0977760579494	13.0	15.12726561169426	43.0	1110.0	33331.0	5897.0	91531.0
116.30462	39.883355	90.0	1682.2368227741147	0.0	75.32513338785878	43.0	1110.0	33378.0	5897.0	91618.0
116.302565	39.882445	76.0	1571.685062378534	12.0	15.669600564503387	43.0	1110.0	34736.0	5979.0	93856.0
116.304525	39.883288	55.0	1763.8118381255601	14.0	100.07733666986566	43.0	1110.0	34902.0	5979.0	94142.0
116.305007	39.882456	75.0	1954.67792519203	0.0	35.02946827344209	43.0	1110.0	35023.0	5979.0	94343.0
116.30396	39.883068	18.0	1311.5750859201848	33.0	340.53972335248653	43.0	1110.0	29315.0	5987.0	80835.0
116.304725	39.882538	9.0	1574.2368168790817	0.0	38.04143727021997	43.0	1110.0	29415.0	5987.0	81015.0
116.304667	39.882958	60.0	1621.6483010882403	0.0	35.955112893899994	43.0	1110.0	29453.0	5987.0	81053.0
116.304402	39.885398	21.0	1894.1961182077357	0.0	47.961981178849854	43.0	1110.0	29543.0	5987.0	81223.0
116.304472	39.887737	2.0	2154.509590414545	0.0	159.92149883694407	43.0	1110.0	29595.0	5987.0	81315.0
116.302352	39.882411	30.0	1050.6858735032324	21.0	227.59862084946187	43.0	1110.0	31604.0	6110.0	84644.0
116.304992	39.883497	24.0	1306.8978013004971	0.0	58.819115269095676	43.0	1110.0	31724.0	6110.0	84844.0
116.3054	39.88304	210.0	1378.6968400911628	0.0	32.999895839196604	43.0	1110.0	31784.0	6110.0	84944.0
116.30439	39.885272	42.0	1667.4031023455957	0.0	68.37015579052242	43.0	1110.0	32024.0	6110.0	85344.0
116.304312	39.888323	28.0	2007.0896014088837	13.0	277.0492752528783	43.0	1110.0	32098.0	6110.0	85458.0
116.304775	39.88251	10.0	2450.1927770771003	0.0	29.54015568340905	43.0	1110.0	36812.0	6115.0	101332.0
116.304482	39.888898	60.0	3162.796474609019	24.0	269.6042359220309	43.0	1110.0	36882.0	6115.0	101442.0
116.3045	39.88337	42.0	1296.1220450573435	16.0	120.86319585918119	43.0	1110.0	25778.0	6118.0	70938.0
116.30532	39.88251	198.0	1485.8161303414672	8.0	39.647094945579546	43.0	1110.0	25886.0	6118.0	71126.0
116.30196	39.882073	2773.0	1737.6243659882398	0.0	90.7684044897074	43.0	1201.0	31783.0	5873.0	84943.0
116.304535	39.888087	144.0	2475.251425032929	11.0	142.6394685776502	43.0	1201.0	34622.0	5873.0	93702.0
116.301845	39.882181	42.0	1133.5874761455907	0.0	89.51870325588962	43.0	1201.0	29361.0	5939.0	80921.0
116.304457	39.883347	232.0	1391.7078196799716	0.0	78.67352190497562	43.0	1201.0	29480.0	5939.0	81120.0
116.305202	39.883498	3.0	1243.0123415852945	19.0	113.33365280696134	43.0	1201.0	37671.0	5979.0	102751.0
116.304497	39.883352	40.0	1365.806228474304	25.0	223.06178673789265	43.0	1201.0	40322.0	5987.0	111202.0
116.305417	39.883121	20.0	1477.6412399972264	9.0	28.614149464451987	43.0	1201.0	40372.0	5987.0	111252.0
116.302445	39.882348	90.0	981.6246041990406	0.0	147.78755825520247	43.0	1201.0	36566.0	6108.0	100926.0
116.305022	39.883455	4.0	1234.4791065913173	16.0	96.60931967720147	43.0	1201.0	36679.0	6108.0	101119.0
116.302675	39.882506	149.0	1195.8829312484493	24.0	115.71947092103771	43.0	1201.0	25804.0	6110.0	71004.0
116.305382	39.882956	106.0	1505.305169602304	0.0	36.678101066341505	43.0	1201.0	25991.0	6110.0	71311.0
116.304395	39.885315	30.0	1792.1335651342638	0.0	71.6219657161751	43.0	1201.0	26128.0	6110.0	71528.0
116.30441	39.889123	31.0	2215.8273074520866	0.0	219.74453669739427	43.0	1201.0	26188.0	6110.0	71628.0
116.302412	39.882608	255.0	3283.3005757633423	0.0	103.23996845440118	43.0	1201.0	32863.0	6111.0	90743.0
116.3052	39.879321	60.0	5220.060936294455	0.0	236.51732373147553	43.0	1201.0	35343.0	6123.0	94903.0
116.304485	39.883191	16.0	1427.6827541372131	9.0	9.171080240260467	43.0	1202.0	34777.0	5873.0	93937.0
116.305217	39.882561	6.0	1588.5481031382237	20.0	62.32600968937854	43.0	1202.0	34813.0	5873.0	94013.0
116.3047	39.883425	11.0	1904.1847067638382	9.0	187.46168994875825	43.0	1202.0	40286.0	5897.0	111126.0
116.302332	39.882323	60.0	1172.051770513905	32.0	288.8306029741322	43.0	1202.0	41909.0	6110.0	113829.0
116.305139	39.883488	5.0	1444.6929952473222	16.0	94.7378356852063	43.0	1202.0	41995.0	6110.0	113955.0
116.30544	39.883268	22.0	1385.3209516120187	23.0	26.23256969876333	43.0	1202.0	38503.0	6118.0	104143.0
116.304942	39.882415	4.0	1502.4064314724185	18.0	19.523041170122987	43.0	1202.0	38529.0	6118.0	104209.0
116.303917	39.883018	26.0	1272.193572867033	46.0	364.43490264695174	43.0	1202.0	25774.0	6119.0	70934.0
116.30463	39.887798	1.0	2163.8461415023858	9.0	10.988459175042609	43.0	1202.0	25910.0	6119.0	71150.0
116.30533	39.8834	4.0	1820.0508771813247	20.0	23.912835890391662	43.0	1202.0	33113.0	6123.0	91153.0
116.305172	39.882286	3.0	1956.2716294576524	25.0	37.60849573181598	43.0	1202.0	33134.0	6123.0	91214.0
116.30534	39.882601	5.0	1161.3253816393244	22.0	80.46913757252169	43.0	1202.0	29579.0	6126.0	81259.0
116.302735	39.88248	7.0	1131.7863657816117	12.0	17.063552790624428	43.0	1203.0	33340.0	5873.0	91540.0
116.305242	39.882645	9.0	1452.6861684198857	14.0	56.04508572306991	43.0	1203.0	33411.0	5873.0	91651.0
116.304802	39.882418	4.0	1518.1214182766475	14.0	17.903664128082493	43.0	1203.0	34865.0	5935.0	94105.0
116.304587	39.883291	7.0	1263.6823832966543	21.0	121.04212677709938	43.0	1203.0	36735.0	5979.0	101215.0
116.304562	39.889318	32.0	2927.72222667879	0.0	201.4024271295594	43.0	1203.0	39105.0	6118.0	105145.0
116.305424	39.882936	8.0	1397.9587309363542	27.0	47.4006169631852	43.0	1203.0	37784.0	6126.0	102944.0
116.302684	39.882473	790.0	1155.2682964581427	0.0	110.0055179025194	43.0	1204.0	25868.0	5897.0	71108.0
116.304387	39.885435	135.0	1564.52092092482	0.0	79.32528408076607	43.0	1204.0	26687.0	5897.0	72447.0
116.30451	39.88968	90.0	2039.2023899238643	0.0	107.03996574727063	43.0	1204.0	26942.0	5897.0	72902.0
116.305292	39.88353	2.0	1427.0448845081876	22.0	157.4273761167172	43.0	1204.0	36694.0	5939.0	101134.0
116.304037	39.882633	43.0	1830.098184770393	0.0	1187.7044500241761	43.0	1204.0	32042.0	5979.0	85402.0
116.305409	39.883	174.0	2044.789586694943	0.0	35.752283423860014	43.0	1204.0	32139.0	5979.0	85539.0
116.30503	39.88346	41.0	1564.899069972573	10.0	64.79294692051616	43.0	1204.0	34757.0	6110.0	93917.0
116.304704	39.882575	54.0	1766.3572491075313	13.0	15.591804739163214	43.0	1204.0	34860.0	6110.0	94100.0
116.30492	39.883442	22.0	1453.2834255691664	0.0	100.78781129288109	43.0	1204.0	33252.0	6115.0	91412.0
116.30526	39.882618	12.0	1582.220389297049	12.0	54.80641843670338	43.0	1204.0	33320.0	6115.0	91520.0
116.303772	39.883	90.0	1274.2443063775072	10.0	90.93043116573095	43.0	1204.0	29490.0	6118.0	81130.0
116.30467	39.883408	110.0	1363.431659169043	0.0	57.95978683410284	43.0	1204.0	29610.0	6118.0	81330.0
116.304785	39.882543	120.0	1559.5959736701116	7.0	28.590795266421992	43.0	1204.0	29762.0	6118.0	81602.0
116.30544	39.883325	5.0	1486.229436295632	27.0	25.50922379380725	43.0	1205.0	34650.0	5987.0	93730.0
116.304682	39.882405	4.0	1639.0968799163857	15.0	21.2465219724527	43.0	1205.0	34672.0	5987.0	93752.0
116.304395	39.885068	33.0	1936.4541023771637	0.0	279.89624796298557	43.0	1205.0	34716.0	5987.0	93836.0
116.305375	39.883125	15.0	1584.4766515012361	29.0	22.659695618818972	43.0	1205.0	33164.0	6108.0	91244.0
116.304395	39.885332	30.0	1948.9935394273048	0.0	100.86534212932739	43.0	1205.0	38976.0	6110.0	104936.0
116.30356	39.882893	26.0	3143.051004795592	47.0	672.259201890598	43.0	1205.0	41320.0	6111.0	112840.0
116.30543	39.883068	13.0	1393.7547125521266	25.0	26.825765339757762	43.0	1205.0	37869.0	6118.0	103109.0
116.303257	39.882701	493.0	1215.8430004103327	0.0	46.64865832873773	43.0	1205.0	29570.0	6119.0	81250.0
116.30457	39.887542	29.0	1901.6083133448894	0.0	63.4903363904124	43.0	1205.0	30145.0	6119.0	82225.0
116.301885	39.882168	43.0	1142.7867525047836	0.0	36.65664892253584	43.0	1205.0	25751.0	6123.0	70911.0
116.309632	39.8857	52.0	1912.3573172697863	0.0	259.51580595793206	43.0	1205.0	25914.0	6123.0	71154.0
116.306752	39.88454	13.0	2274.4191924790066	49.0	313.50405617585653	43.0	1205.0	25996.0	6123.0	71316.0
116.30401	39.882826	15.0	685.1643313466941	37.0	353.73425252069035	43.0	1205.0	37114.0	6126.0	101834.0
116.30455	39.882286	17.0	997.9877693626906	29.0	23.328589351136817	43.0	1205.0	37156.0	6126.0	101916.0
116.304147	39.885042	11.0	1214.4410823814317	15.0	12.540332231948886	43.0	1206.0	39092.0	5873.0	105132.0
116.303107	39.882663	196.0	829.7480817683446	0.0	86.94133921503901	43.0	1206.0	29829.0	5897.0	81709.0
116.304805	39.882031	30.0	5276.114239492128	14.0	100.50029574503912	43.0	1206.0	30924.0	5897.0	83524.0
116.30462	39.882993	149.0	5384.343120703081	0.0	58.29985605068592	43.0	1206.0	30985.0	5897.0	83625.0
116.30446	39.885343	90.0	5647.379746230785	0.0	43.51223666490605	43.0	1206.0	31164.0	5897.0	83924.0
116.304562	39.887455	151.0	5882.72740253052	0.0	89.25274750834744	43.0	1206.0	31314.0	5897.0	84154.0
116.305395	39.883246	61.0	1779.0204407878853	13.0	15.155857098853433	43.0	1206.0	36613.0	5939.0	101013.0
116.30503	39.882466	68.0	1876.4391010846339	11.0	13.279750946386711	43.0	1206.0	36689.0	5939.0	101129.0
116.302915	39.882488	113.0	1040.0656974290446	0.0	394.1567052642623	43.0	1206.0	33082.0	5979.0	91122.0
116.305245	39.883435	5.0	1269.3471221137922	8.0	15.532751917058498	43.0	1206.0	33217.0	5979.0	91337.0
116.305475	39.882743	17.0	1351.4715065147593	0.0	50.028422929685426	43.0	1206.0	33260.0	5979.0	91420.0
116.304985	39.882336	148.0	1420.4610356264302	6.0	13.949558943680023	43.0	1206.0	33284.0	5979.0	91444.0
116.305095	39.883557	25.0	1281.666393444604	7.0	23.76803044325902	43.0	1206.0	34898.0	5995.0	94138.0
116.305067	39.882358	24.0	1430.0284366175763	8.0	21.253788216729717	43.0	1206.0	34974.0	5995.0	94254.0
116.30447	39.887115	35.0	1978.1620299946128	0.0	198.94980102770043	43.0	1206.0	35085.0	5995.0	94445.0
116.302712	39.882448	234.0	1222.3942772361263	0.0	67.82930738942959	43.0	1206.0	25846.0	6108.0	71046.0
116.305305	39.882561	121.0	1572.831720870644	9.0	88.62174678257584	43.0	1206.0	26100.0	6108.0	71500.0
116.304415	39.885378	72.0	1947.5502099289638	0.0	69.93710262263824	43.0	1206.0	26251.0	6108.0	71731.0
116.30458	39.886405	3.0	2063.519180894588	9.0	9.370042221922981	43.0	1206.0	26333.0	6108.0	71853.0
116.30521	39.88342	13.0	2837.837089623231	15.0	25.668060513766047	43.0	1206.0	41572.0	6115.0	113252.0
116.30486	39.882396	6.0	1526.5140411681055	7.0	28.512897121536692	43.0	1206.0	37851.0	6119.0	103051.0
116.304717	39.882941	60.0	1590.8771407514625	15.0	38.61288996949683	43.0	1206.0	37872.0	6119.0	103112.0
116.303637	39.882858	175.0	1579.85743945356	17.0	314.2110835676923	43.0	1206.0	32241.0	6126.0	85721.0
116.30532	39.883186	128.0	1777.9460043973534	14.0	26.939200405470746	43.0	1206.0	32435.0	6126.0	90035.0
116.304547	39.885437	21.0	2058.9436112734043	6.0	18.84198130612291	43.0	1206.0	32576.0	6126.0	90256.0
116.30464	39.88632	116.0	2158.818552429937	8.0	30.86626561954395	43.0	1206.0	32605.0	6126.0	90325.0
116.304585	39.883256	270.0	1427.4777353389231	0.0	53.666236615796656	43.0	1207.0	34998.0	5897.0	94318.0
116.30445	39.885355	31.0	1796.577895849761	0.0	47.93639411046176	43.0	1207.0	35298.0	5897.0	94818.0
116.3044	39.887818	12.0	2071.023783550957	0.0	118.75533018478596	43.0	1207.0	35407.0	5897.0	95007.0
116.304419	39.887818	119.0	2628.143392268732	25.0	228.65636191989176	43.0	1207.0	33414.0	5939.0	91654.0
116.30495	39.882373	38.0	1580.3750453375524	10.0	28.252104960470035	43.0	1207.0	29439.0	5992.0	81039.0
116.304479	39.885277	30.0	1911.2801105788417	0.0	206.60665145916096	43.0	1207.0	29537.0	5992.0	81217.0
116.304097	39.883093	17.0	1267.4689036745406	35.0	586.0235168576138	43.0	1207.0	40218.0	5995.0	111018.0
116.305467	39.883321	5.0	1401.5862111863837	20.0	18.952062190093375	43.0	1207.0	40243.0	5995.0	111043.0
116.305005	39.883463	18.0	1396.0163934564464	0.0	94.5025774459326	43.0	1207.0	37874.0	6108.0	103114.0
116.3053	39.883326	13.0	1427.4366418097002	10.0	12.914564638587501	43.0	1207.0	37897.0	6108.0	103137.0
116.30506	39.882391	63.0	1537.92067931139	8.0	47.53293929846973	43.0	1207.0	37949.0	6108.0	103229.0
116.305165	39.88353	15.0	1458.9160358934591	10.0	106.26175190534848	43.0	1207.0	38958.0	6110.0	104918.0
116.30541	39.882688	10.0	1564.2017173682348	7.0	62.045566721037275	43.0	1207.0	39000.0	6110.0	105000.0
116.30462	39.883988	30.0	1814.0691830948872	0.0	168.71804689274006	43.0	1207.0	39064.0	6110.0	105104.0
116.304289	39.883296	41.0	1289.2035000115545	21.0	95.73907133701718	43.0	1207.0	36769.0	6118.0	101249.0
116.305455	39.883048	7.0	1440.687384587973	9.0	43.966969742199566	43.0	1207.0	36848.0	6118.0	101408.0
116.30455	39.88894	29.0	2261.8216961121457	22.0	317.6743924583654	43.0	1207.0	37013.0	6118.0	101653.0
116.303935	39.882946	17.0	1804.8502578046418	40.0	356.9744281069838	43.0	1207.0	31685.0	6123.0	84805.0
116.305377	39.883357	4.0	1942.1246845974968	24.0	12.33476100581298	43.0	1207.0	31705.0	6123.0	84825.0
116.305265	39.883507	12.0	1165.8614504310528	26.0	21.512667831662757	43.0	1207.0	41537.0	6126.0	113217.0
116.30264	39.882611	48.0	1943.9197985145138	18.0	179.78572303124184	43.0	1208.0	29420.0	5873.0	81020.0
116.30494	39.883587	48.0	2168.4202441576017	12.0	90.45411502621717	43.0	1208.0	29497.0	5873.0	81137.0
116.305295	39.882576	186.0	2314.0683090810185	8.0	74.88275780651128	43.0	1208.0	29573.0	5873.0	81253.0
116.304065	39.883165	29.0	1286.923167191896	25.0	315.14275187559156	43.0	1208.0	36823.0	5897.0	101343.0
116.30468	39.883103	48.0	1616.2747333427333	0.0	48.12092013772397	43.0	1208.0	36959.0	5897.0	101559.0
116.305325	39.883266	15.0	1998.1578147309106	16.0	17.565948642182505	43.0	1208.0	38986.0	6115.0	104946.0
116.304777	39.882451	5.0	2120.5258085500213	14.0	25.4747524178994	43.0	1208.0	39020.0	6115.0	105020.0
116.304375	39.886012	113.0	2522.715172945766	15.0	88.27143900836796	43.0	1208.0	39092.0	6115.0	105132.0
116.303195	39.882751	108.0	1350.5647043829072	28.0	324.7405428667466	43.0	1208.0	31615.0	6118.0	84655.0
116.304419	39.885517	59.0	2039.2581609433546	11.0	301.5687966315929	43.0	1208.0	31782.0	6118.0	84942.0
116.30512	39.883523	7.0	1435.091591642413	8.0	90.37108507242773	43.0	1208.0	34862.0	6123.0	94102.0
116.305314	39.882668	11.0	1536.6757025710883	0.0	87.12984673176454	43.0	1208.0	34920.0	6123.0	94200.0
116.304992	39.882346	14.0	1582.8480473811048	7.0	34.55818955748707	43.0	1208.0	34951.0	6123.0	94231.0
116.304682	39.882578	90.0	1624.4541015498876	8.0	20.049291806876113	43.0	1208.0	34974.0	6123.0	94254.0
116.3045	39.887023	27.0	2119.9124182559576	10.0	131.36840186713232	43.0	1208.0	35113.0	6123.0	94513.0
116.305342	39.883375	41.0	2848.18064852979	13.0	15.606512405569054	43.0	1209.0	42098.0	5897.0	114138.0
116.304377	39.884792	30.0	3253.7540783485406	9.0	148.27961700499506	43.0	1209.0	42243.0	5897.0	114403.0
116.304575	39.88976	72.0	2391.2065002653917	0.0	225.53061982694462	43.0	1209.0	39131.0	5995.0	105211.0
116.30487	39.882428	1.0	2921.214394510591	21.0	20.084679269457858	43.0	1209.0	29430.0	6108.0	81030.0
116.30169	39.882078	28.0	1058.0418435418383	33.0	219.23065967234263	43.0	1209.0	40380.0	6111.0	111300.0
116.30524	39.883522	4.0	1463.4062738444595	20.0	99.96112221898419	43.0	1209.0	36724.0	6115.0	101204.0
116.30453	39.8883	36.0	2181.704805814893	35.0	295.60558982384305	43.0	1209.0	26053.0	6118.0	71413.0
116.304765	39.882511	4.0	1501.1536570017797	21.0	42.19924826985624	43.0	1210.0	36822.0	5939.0	101342.0
116.30498	39.883281	7.0	1413.1122033430797	19.0	237.67287276450978	43.0	1210.0	34740.0	6108.0	93900.0
116.304785	39.882205	4.0	1568.9049204697735	21.0	25.5874499661566	43.0	1210.0	34761.0	6108.0	93921.0
116.305485	39.883148	10.0	1463.6439376082747	31.0	29.39950885800186	43.0	1210.0	31764.0	6110.0	84924.0
116.304942	39.882418	2.0	1823.5631373684314	23.0	42.70509028931893	43.0	1210.0	41412.0	6115.0	113012.0
116.305022	39.882461	2.0	1522.3552359730459	23.0	33.810440550620974	43.0	1210.0	33382.0	6118.0	91622.0
116.304642	39.887475	12.0	1133.6605292952488	30.0	251.61732355682543	43.0	1210.0	39000.0	6126.0	105000.0
116.30208	39.882185	30.0	1873.657344404618	39.0	298.3404904768557	43.0	1211.0	34772.0	5897.0	93932.0
116.304704	39.883303	12.0	2129.97746818042	9.0	63.11187644121168	43.0	1211.0	34862.0	5897.0	94102.0
116.304715	39.88308	30.0	2403.941284756781	0.0	58.13905673605766	43.0	1211.0	34973.0	5897.0	94253.0
116.30494	39.882315	7.0	1606.813015107359	24.0	35.29852219544727	43.0	1211.0	38876.0	5987.0	104756.0
116.302684	39.882415	61.0	2496.89075985825	0.0	160.2630084912489	43.0	1211.0	31923.0	5992.0	85203.0
116.304462	39.883198	75.0	2672.28331143158	12.0	99.18179821530194	43.0	1211.0	32013.0	5992.0	85333.0
116.30543	39.882846	18.0	2819.512197468154	0.0	29.41364585880608	43.0	1211.0	32130.0	5992.0	85530.0
116.304737	39.882633	90.0	2924.1704906751693	10.0	22.89714552423086	43.0	1211.0	32189.0	5992.0	85629.0
116.30443	39.885567	21.0	3251.723971916252	0.0	57.568727414608304	43.0	1211.0	32309.0	5992.0	85829.0
116.305252	39.882436	5.0	2499.1315377245255	19.0	27.410683496678203	43.0	1211.0	37842.0	5995.0	103042.0
116.303385	39.882755	30.0	1263.9684305238488	0.0	101.4379482734253	43.0	1211.0	33098.0	6110.0	91138.0
116.304445	39.88497	7.0	1923.319034475723	0.0	162.7207383902655	43.0	1211.0	33285.0	6110.0	91445.0
116.304472	39.888392	31.0	2304.1271141450575	0.0	199.0537299221219	43.0	1211.0	33358.0	6110.0	91558.0
116.302615	39.882535	5.0	1120.9989036781794	0.0	48.21073800319624	43.0	1211.0	29618.0	6111.0	81338.0
116.30286	39.882631	178.0	1144.5116818660347	17.0	10.80637489696025	43.0	1211.0	29624.0	6111.0	81344.0
116.30544	39.882975	143.0	1460.606320784212	0.0	48.77360298246437	43.0	1211.0	29832.0	6111.0	81712.0
116.304609	39.883468	11.0	1079.4539109867987	21.0	19.617446975774527	43.0	1211.0	37115.0	6126.0	101835.0
116.305225	39.882706	7.0	1857.8494014492132	0.0	62.78867551741328	43.0	1212.0	31804.0	5873.0	85004.0
116.304925	39.882376	109.0	1902.6250273443975	0.0	34.75310534679762	43.0	1212.0	31841.0	5873.0	85041.0
116.304545	39.88623	44.0	2346.0443936316233	10.0	38.65449955722309	43.0	1212.0	31990.0	5873.0	85310.0
116.302922	39.882538	18.0	2597.139557487632	38.0	339.03364731594536	43.0	1212.0	41701.0	5897.0	113501.0
116.304172	39.883226	13.0	1732.2319445410462	37.0	377.64242560384594	43.0	1212.0	36761.0	6115.0	101241.0
116.304477	39.885417	24.0	1922.9390964664085	12.0	221.05058695170266	43.0	1212.0	35084.0	6119.0	94444.0
116.30351	39.882776	30.0	1245.1558923506814	0.0	141.62467636400893	43.0	1212.0	29431.0	6123.0	81031.0
116.30509	39.883573	233.0	1407.751069721106	7.0	130.65441056010738	43.0	1212.0	29488.0	6123.0	81128.0
116.304452	39.88495	47.0	1821.868290307959	10.0	20.224612642239215	43.0	1212.0	29726.0	6123.0	81526.0
116.30288	39.882493	25.0	1985.6121850280024	44.0	302.6315435013721	43.0	1213.0	29550.0	5873.0	81230.0
116.30467	39.883225	118.0	2158.870734706782	0.0	39.79986869417217	43.0	1213.0	29604.0	5873.0	81324.0
116.30535	39.882478	146.0	2333.6071651584402	0.0	43.12118826308439	43.0	1213.0	29791.0	5873.0	81631.0
116.30464	39.886353	13.0	2772.2902210855027	0.0	144.5103187978788	43.0	1213.0	29967.0	5873.0	81927.0
116.30425	39.883103	13.0	1321.9501715733118	18.0	306.0726956227378	43.0	1213.0	41353.0	5987.0	112913.0
116.30544	39.8833	4.0	1436.4287887027228	27.0	19.49736744285958	43.0	1213.0	41369.0	5987.0	112929.0
116.30403	39.883095	15.0	1491.647626403933	31.0	395.28000583269613	43.0	1213.0	33077.0	5995.0	91117.0
116.3048	39.882413	78.0	1772.846463251648	0.0	66.84422481047599	43.0	1213.0	33196.0	5995.0	91316.0
116.30439	39.886567	150.0	2092.2898914438456	24.0	194.177040213998	43.0	1213.0	35037.0	6111.0	94357.0
116.30468	39.882556	13.0	3173.20323699937	26.0	20.42913522671703	43.0	1213.0	31994.0	6115.0	85314.0
116.30479	39.8834	279.0	1375.9178129172385	0.0	50.348698179101035	43.0	1213.0	26343.0	6119.0	71903.0
116.304097	39.88306	29.0	1297.962342773469	0.0	121.30718608881566	43.0	1213.0	37854.0	6123.0	103054.0
116.305482	39.883288	25.0	1439.8235268462747	8.0	21.00647306236572	43.0	1213.0	37897.0	6123.0	103137.0
116.304705	39.883301	62.0	1669.165300110709	8.0	78.47975414634614	43.0	1213.0	37979.0	6123.0	103259.0
116.303485	39.882891	31.0	1239.5248235877946	0.0	151.01977236170552	43.0	1214.0	25891.0	5939.0	71131.0
116.305242	39.883562	21.0	1407.4789519113217	3.0	87.79396133859376	43.0	1214.0	25951.0	5939.0	71231.0
116.305215	39.882515	247.0	1534.3996324496384	0.0	32.85801194947508	43.0	1214.0	26036.0	5939.0	71356.0
116.305355	39.883428	2.0	1488.4700203511452	9.0	23.27918141735905	43.0	1214.0	35038.0	5987.0	94358.0
116.305452	39.88285	36.0	1555.145133813159	11.0	50.06903098595596	43.0	1214.0	35069.0	5987.0	94429.0
116.305102	39.882348	87.0	1619.622022680093	10.0	23.10964330529966	43.0	1214.0	35107.0	5987.0	94507.0
116.304397	39.885247	30.0	1960.478019925301	0.0	64.14845185402997	43.0	1214.0	35224.0	5987.0	94704.0
116.304384	39.885108	28.0	1937.4415392884619	0.0	52.252947918146766	43.0	1214.0	32253.0	5992.0	85733.0
116.305395	39.883151	40.0	1490.4574250459111	19.0	23.5580946470397	43.0	1214.0	33107.0	6110.0	91147.0
116.30508	39.882315	148.0	1592.2403484925624	8.0	23.754955735865618	43.0	1214.0	33173.0	6110.0	91253.0
116.303507	39.882871	29.0	1540.1435552120067	40.0	299.76363488635053	43.0	1214.0	36678.0	6111.0	101118.0
116.305375	39.882763	133.0	1512.1292566791358	12.0	53.41452906118789	43.0	1214.0	29515.0	6119.0	81155.0
116.304535	39.88823	29.0	2229.6517686685156	0.0	58.19684446126341	43.0	1214.0	29730.0	6119.0	81530.0
116.305362	39.882903	163.0	1576.325257482689	0.0	54.70769812198943	43.0	1215.0	29733.0	5897.0	81533.0
116.30441	39.885493	20.0	1953.5038300337808	12.0	16.002032127675605	43.0	1215.0	29938.0	5897.0	81858.0
116.304505	39.889287	36.0	2375.837590005606	20.0	135.7447970727474	43.0	1215.0	30037.0	5897.0	82037.0
116.305405	39.883365	4.0	1449.7101931047312	26.0	24.44233688488876	43.0	1215.0	34799.0	5987.0	93959.0
116.304712	39.882515	2.0	1596.2865347052848	21.0	24.939782187349397	43.0	1215.0	34823.0	5987.0	94023.0
116.303972	39.883028	299.0	1337.3320947121076	0.0	70.71780467299297	43.0	1215.0	25877.0	5992.0	71117.0
116.304435	39.88514	60.0	1638.2592369023291	0.0	76.62467218591546	43.0	1215.0	26206.0	5992.0	71646.0
116.302315	39.88237	84.0	5104.905170041411	17.0	197.82976390286262	43.0	1215.0	32097.0	6111.0	85457.0
116.30458	39.883375	63.0	5328.491296944021	9.0	84.78755981895284	43.0	1215.0	32211.0	6111.0	85651.0
116.305267	39.882766	141.0	5463.023258877317	0.0	60.6485288599654	43.0	1215.0	32304.0	6111.0	85824.0
116.30413	39.88522	39.0	5756.30447225163	0.0	80.65923997695683	43.0	1215.0	32475.0	6111.0	90115.0
116.30415	39.887522	42.0	6013.88496709031	15.0	93.61594912210313	43.0	1215.0	32535.0	6111.0	90215.0
116.305202	39.883435	3.0	1355.7049369574045	25.0	38.10861180280594	43.0	1215.0	37609.0	6119.0	102649.0
116.30542	39.883166	8.0	1383.4651927663554	27.0	28.67776872755034	43.0	1215.0	37011.0	6123.0	101651.0
116.3047	39.882466	2.0	1689.9645156984238	24.0	24.07617317371465	43.0	1216.0	38042.0	5897.0	103402.0
116.303742	39.882976	11.0	1285.3440762298933	37.0	327.86037168536245	43.0	1216.0	29537.0	5979.0	81217.0
116.305365	39.883198	16.0	1463.618148706604	24.0	25.327460889395486	43.0	1216.0	29555.0	5979.0	81235.0
116.30234	39.882455	30.0	1090.075889919328	37.0	284.28021372189323	43.0	1216.0	34453.0	6119.0	93413.0
116.30537	39.883263	14.0	1401.6011347063443	15.0	19.255978928738216	43.0	1216.0	34521.0	6119.0	93521.0
116.305045	39.883523	1.0	2135.7960655743896	22.0	223.27231704916392	43.0	1216.0	33397.0	6123.0	91637.0
116.305395	39.883251	11.0	2183.939714156868	25.0	25.020169939806134	43.0	1216.0	33402.0	6123.0	91642.0
116.305165	39.882498	4.0	1523.991509670335	25.0	37.290465837806174	43.0	1217.0	29552.0	5897.0	81232.0
116.3037	39.88294	28.0	1284.4643858194613	34.0	335.0896921206661	43.0	1217.0	40408.0	5987.0	111328.0
116.305245	39.88344	12.0	1470.7629370838656	27.0	128.6576901809	43.0	1217.0	41225.0	5992.0	112705.0
116.30347	39.88273	19.0	1828.2988870626489	44.0	303.4135376497522	43.0	1217.0	36885.0	6108.0	101445.0
116.304457	39.885375	31.0	2496.643473744522	0.0	297.65517898595334	43.0	1217.0	36962.0	6108.0	101602.0
116.305007	39.882351	1.0	1583.5152330616731	24.0	37.622270506812654	43.0	1217.0	25877.0	6110.0	71117.0
116.305462	39.883383	18.0	1533.9333789059701	23.0	23.509180770422926	43.0	1217.0	34780.0	6119.0	93940.0
116.304592	39.88331	22.0	1356.304998942713	12.0	148.06122455700938	43.0	1218.0	36682.0	5897.0	101122.0
116.305385	39.883261	14.0	1446.8799296183188	16.0	20.026432961245234	43.0	1218.0	36706.0	5897.0	101146.0
116.304845	39.882486	2.0	1566.8169297587617	17.0	17.19033699284048	43.0	1218.0	36752.0	5897.0	101232.0
116.302497	39.882351	31.0	2874.550429086076	0.0	284.4123190926841	43.0	1218.0	31807.0	5979.0	85007.0
116.305409	39.882958	12.0	3206.7851084248823	9.0	43.26167743207231	43.0	1218.0	31927.0	5979.0	85207.0
116.30511	39.882385	37.0	3276.7888015814	9.0	41.32465407310482	43.0	1218.0	31961.0	5979.0	85241.0
116.304647	39.883131	171.0	3381.6830964009814	0.0	54.27418110487572	43.0	1218.0	32028.0	5979.0	85348.0
116.304405	39.886397	59.0	3747.455717807008	0.0	57.21105659454061	43.0	1218.0	32229.0	5979.0	85709.0
116.305172	39.883482	5.0	1471.2191791147761	20.0	260.9692091593843	43.0	1218.0	38793.0	5987.0	104633.0
116.305	39.882283	3.0	1630.7647744741953	20.0	31.326296548710623	43.0	1218.0	38819.0	5987.0	104659.0
116.30447	39.889808	98.0	2358.505880565639	7.0	478.1937355009195	43.0	1218.0	41341.0	6110.0	112901.0
116.305445	39.883101	9.0	1430.8613544885432	28.0	28.155107107112993	43.0	1218.0	34841.0	6115.0	94041.0
116.304567	39.889798	15.0	2374.5822869298736	0.0	171.90500703551777	43.0	1218.0	34957.0	6115.0	94237.0
116.30264	39.882435	470.0	1212.213211810325	0.0	146.0374883208015	43.0	1218.0	25610.0	6119.0	70650.0
116.304482	39.886452	1.0	1831.1253181650645	8.0	89.06651236668273	43.0	1218.0	26178.0	6119.0	71618.0
116.30386	39.88302	52.0	1272.2030889212015	19.0	128.24557494172325	43.0	1218.0	33198.0	6123.0	91318.0
116.305367	39.883427	7.0	1416.012250117153	8.0	13.311189555868792	43.0	1218.0	33266.0	6123.0	91426.0
116.30516	39.882418	93.0	1537.513391653701	7.0	45.402248820465	43.0	1218.0	33323.0	6123.0	91523.0
116.30457	39.888242	25.0	2211.9308198560902	18.0	217.40968972952663	43.0	1218.0	33476.0	6123.0	91756.0
116.30455	39.887273	21.0	1109.9059830987378	48.0	228.4231987849097	43.0	1218.0	30013.0	6126.0	82013.0
116.304502	39.889955	24.0	1408.6958455387041	30.0	164.397847786973	43.0	1218.0	30069.0	6126.0	82109.0
116.303655	39.882943	16.0	1264.0589562413165	35.0	369.131471342218	43.0	1219.0	33059.0	5873.0	91059.0
116.3047	39.882386	3.0	1554.886556192616	18.0	14.804117236875719	43.0	1219.0	33108.0	5873.0	91148.0
116.305232	39.883552	2.0	1899.0502082592652	18.0	192.05373566573158	43.0	1219.0	38868.0	5939.0	104748.0
116.304915	39.883482	243.0	1386.8949067089238	0.0	131.21766757958633	43.0	1219.0	29783.0	5987.0	81623.0
116.304697	39.88636	16.0	1838.6210891273806	0.0	126.46349416459284	43.0	1219.0	30116.0	5987.0	82156.0
116.304595	39.887935	30.0	2014.2887964568595	0.0	88.14619932380906	43.0	1219.0	30192.0	5987.0	82312.0
116.30402	39.88309	27.0	3027.7427979373356	30.0	301.5389744533173	43.0	1219.0	41434.0	5995.0	113034.0
116.304772	39.882351	3.0	3312.8644611153536	20.0	23.31703262626239	43.0	1219.0	41486.0	5995.0	113126.0
116.302187	39.882315	66.0	524.3131580991344	35.0	314.38328594450115	43.0	1219.0	25568.0	6111.0	70608.0
116.304797	39.88352	55.0	784.6652554521467	13.0	145.51291749919514	43.0	1219.0	25658.0	6111.0	70738.0
116.305382	39.88295	5.0	908.3492487585361	0.0	54.42615821576207	43.0	1219.0	25743.0	6111.0	70903.0
116.305295	39.882748	64.0	932.1573667935205	0.0	13.947571476715554	43.0	1219.0	25808.0	6111.0	71008.0
116.30447	39.887163	30.0	1431.64685995195	0.0	183.37394619892785	43.0	1219.0	25932.0	6111.0	71212.0
116.302667	39.882446	15.0	1207.1188929817163	8.0	273.5552698818771	43.0	1219.0	37997.0	6119.0	103317.0
116.305202	39.882445	7.0	1266.1127553310866	25.0	37.62384531721382	43.0	1220.0	33226.0	5979.0	91346.0
116.304475	39.885045	31.0	1595.7728694013813	0.0	253.5050112994977	43.0	1220.0	33267.0	5979.0	91427.0
116.304525	39.883263	13.0	1292.708598560977	27.0	275.44078333865764	43.0	1220.0	37646.0	5987.0	102726.0
116.305372	39.88249	10.0	1476.7675887119563	27.0	77.10266891166839	43.0	1220.0	37680.0	5987.0	102800.0
116.304255	39.88319	15.0	1318.4886276170948	19.0	483.11103542891215	43.0	1220.0	36530.0	5992.0	100850.0
116.30439	39.889042	64.0	2308.6095568205924	30.0	374.0685894423753	43.0	1220.0	36633.0	5992.0	101033.0
116.304492	39.886455	59.0	3391.738613482887	7.0	81.29524049799168	43.0	1220.0	42689.0	6108.0	115129.0
116.304822	39.882488	1.0	1530.3910920768735	24.0	19.00345020361387	43.0	1220.0	34844.0	6110.0	94044.0
116.303515	39.882863	28.0	1636.8583729795878	42.0	385.5515489458697	43.0	1220.0	38717.0	6115.0	104517.0
116.305035	39.882393	9.0	1939.4798494185925	23.0	35.95761873429154	43.0	1220.0	38767.0	6115.0	104607.0
116.304542	39.887162	90.0	2485.767112517655	0.0	174.17487107132752	43.0	1220.0	38833.0	6115.0	104713.0
116.304222	39.883218	60.0	1280.866967597764	17.0	170.01270171506724	43.0	1220.0	29693.0	6118.0	81453.0
116.305457	39.88296	119.0	1450.8482396886754	8.0	48.4053460363114	43.0	1220.0	29804.0	6118.0	81644.0
116.304537	39.886925	29.0	1954.005089017227	0.0	116.48776009837852	43.0	1220.0	29994.0	6118.0	81954.0
116.304615	39.888472	10.0	2127.926059571976	12.0	109.51573612297216	43.0	1220.0	30046.0	6118.0	82046.0
116.30502	39.88346	5.0	1388.6387870714257	22.0	45.10389477086165	43.0	1220.0	40287.0	6119.0	111127.0
116.303367	39.882758	31.0	1261.0273663475218	11.0	169.0100105466598	43.0	1220.0	25662.0	6123.0	70742.0
116.308097	39.88498	273.0	1734.876482022608	27.0	178.916411069172	43.0	1220.0	25752.0	6123.0	70912.0
116.304975	39.88408	11.0	2438.0294103474685	26.0	21.00643704310586	43.0	1220.0	26028.0	6123.0	71348.0
116.304577	39.885128	29.0	2567.098105160819	0.0	30.75287964173903	43.0	1220.0	26076.0	6123.0	71436.0
116.304565	39.886255	120.0	2697.0706495857676	0.0	59.297150166808066	43.0	1220.0	26134.0	6123.0	71534.0
116.303892	39.883	5.0	1313.940132606775	35.0	328.7570896848529	43.0	1220.0	31790.0	6126.0	84950.0
116.30544	39.883328	49.0	1469.6605865684535	13.0	16.101384188012332	43.0	1220.0	31809.0	6126.0	85009.0
116.304805	39.882445	167.0	1614.3825402544628	8.0	19.975808961001473	43.0	1220.0	31876.0	6126.0	85116.0
116.304697	39.88153	90.0	5534.118918413666	0.0	74.82093693238266	43.0	1221.0	26426.0	5873.0	72026.0
116.304435	39.889655	60.0	6439.788371131521	0.0	140.4198199989488	43.0	1221.0	26602.0	5873.0	72322.0
116.304465	39.885963	23.0	1931.12221158767	15.0	170.2330120672352	43.0	1221.0	40527.0	5897.0	111527.0
116.30238	39.882316	120.0	1144.4924103911435	9.0	74.02285797419833	43.0	1221.0	29273.0	5939.0	80753.0
116.30508	39.883487	10.0	1410.4094049718308	6.0	99.81690123904188	43.0	1221.0	29420.0	5939.0	81020.0
116.305382	39.882488	108.0	1549.9686300318479	5.0	46.411617332258935	43.0	1221.0	29500.0	5939.0	81140.0
116.304475	39.884982	90.0	1857.3251732246003	35.0	284.82752566654824	43.0	1221.0	41376.0	5987.0	112936.0
116.30459	39.887548	30.0	2143.942527308116	0.0	55.26793836416451	43.0	1221.0	41496.0	5987.0	113136.0
116.304395	39.883193	1.0	1346.4629432961951	16.0	315.17656910581593	43.0	1221.0	39142.0	6110.0	105222.0
116.305245	39.883515	3.0	2582.1668949508708	24.0	175.51488948350598	43.0	1221.0	34361.0	6115.0	93241.0
116.304947	39.882446	9.0	1512.2820686556063	7.0	11.60463683355806	43.0	1221.0	37845.0	6118.0	103045.0
116.303039	39.88257	41.0	1246.064379769104	35.0	298.74701919859723	43.0	1221.0	31724.0	6123.0	84844.0
116.30454	39.884848	30.0	1891.7950029533297	0.0	55.822873624374566	43.0	1221.0	31856.0	6123.0	85056.0
116.304772	39.883455	10.0	1113.3736608261597	0.0	123.7993645414452	43.0	1221.0	36490.0	6126.0	100810.0
116.30514	39.883488	7.0	1145.8142728549594	8.0	11.55362922383243	43.0	1221.0	36504.0	6126.0	100824.0
116.304704	39.88276	60.0	1322.6642354837195	8.0	39.87964256425331	43.0	1221.0	36616.0	6126.0	101016.0
116.303705	39.882928	74.0	1497.1813710559654	23.0	80.19118859506759	43.0	1222.0	29469.0	5873.0	81109.0
116.3053	39.882945	153.0	1701.570166484629	0.0	35.22389409459308	43.0	1222.0	29595.0	5873.0	81315.0
116.30435	39.885405	29.0	2088.9565021926855	0.0	76.63297068250309	43.0	1222.0	29779.0	5873.0	81619.0
116.304419	39.887225	61.0	2291.5414289909077	0.0	107.19807471624667	43.0	1222.0	29846.0	5873.0	81726.0
116.303865	39.883016	56.0	1315.3531255206985	8.0	98.68936783376046	43.0	1222.0	25874.0	5939.0	71114.0
116.305347	39.883717	20.0	1467.0371220754396	7.0	56.32472575953512	43.0	1222.0	25987.0	5939.0	71307.0
116.305217	39.882603	102.0	1595.520639052263	9.0	40.8905847995002	43.0	1222.0	26056.0	5939.0	71416.0
116.30462	39.886522	96.0	2064.479474056452	0.0	36.360889561377455	43.0	1222.0	26216.0	5939.0	71656.0
116.3046	39.889073	30.0	2356.2345077345863	0.0	32.19212727480181	43.0	1222.0	26372.0	5939.0	71932.0
116.30536	39.88318	16.0	1479.502251211031	25.0	25.73515468972214	43.0	1222.0	36499.0	5987.0	100819.0
116.30487	39.88235	2.0	1593.2580578069249	8.0	10.855472299088632	43.0	1222.0	36530.0	5987.0	100850.0
116.305415	39.88308	3.0	2013.8670049990164	28.0	30.70442291873334	43.0	1222.0	34795.0	6110.0	93955.0
116.302655	39.882385	30.0	1189.7014231584556	0.0	185.33533473314043	43.0	1222.0	38563.0	6119.0	104243.0
116.30516	39.883465	4.0	1393.9888701892305	17.0	214.84982095462	43.0	1222.0	41536.0	6123.0	113216.0
116.30431	39.885612	89.0	1908.1705136352496	43.0	359.3071140229938	43.0	1222.0	41594.0	6123.0	113314.0
116.30529	39.882681	6.0	1509.9199278191447	24.0	64.58341379530887	43.0	1222.0	31964.0	6126.0	85244.0
116.30419	39.883146	20.0	1301.5247543437404	13.0	103.04443624303771	43.0	1223.0	37083.0	5992.0	101803.0
116.303682	39.88301	5.0	1327.3319570650929	42.0	361.2413777140604	43.0	1223.0	38971.0	6110.0	104931.0
116.304585	39.883378	40.0	1750.9480521998958	0.0	91.92822589679153	43.0	1223.0	39095.0	6110.0	105135.0
116.304975	39.88366	24.0	1361.5451030544855	0.0	71.68435360104094	43.0	1223.0	34977.0	6111.0	94257.0
116.30537	39.88293	74.0	1458.5554168578321	0.0	55.489569506198485	43.0	1223.0	35031.0	6111.0	94351.0
116.305009	39.882438	1.0	2965.3945574787604	12.0	35.642848760286284	43.0	1223.0	41511.0	6115.0	113151.0
116.303735	39.883015	19.0	1233.8695152370437	35.0	317.64326402753335	43.0	1223.0	25717.0	6118.0	70837.0
116.303839	39.882955	14.0	706.8437334282348	39.0	320.4417506151026	43.0	1223.0	29575.0	6126.0	81255.0
116.30471	39.882306	7.0	997.4774873190559	28.0	29.04524192992448	43.0	1223.0	29609.0	6126.0	81329.0
116.304362	39.885175	20.0	1321.9537755751605	25.0	269.3052722090754	43.0	1223.0	29651.0	6126.0	81411.0
116.304657	39.882466	4.0	1635.2303356778398	20.0	21.972456331775	43.0	1224.0	40493.0	5897.0	111453.0
116.30523	39.883457	3.0	1128.1804712640856	27.0	7.597369575993569	43.0	1224.0	31788.0	5935.0	84948.0
116.302185	39.882131	60.0	1123.6846157176788	38.0	232.42545105468332	43.0	1224.0	37706.0	5992.0	102826.0
116.303317	39.882681	17.0	1265.0711650504945	49.0	383.9057228797209	43.0	1224.0	29208.0	6110.0	80648.0
116.304655	39.88246	12.0	1616.3150356241995	8.0	13.324862516698717	43.0	1224.0	29261.0	6110.0	80741.0
116.304897	39.882405	4.0	1608.974263279092	16.0	17.52490209481427	43.0	1224.0	36387.0	6119.0	100627.0
116.305282	39.883478	3.0	1374.746785690168	23.0	6.125482709991986	43.0	1224.0	34773.0	6123.0	93933.0
116.305295	39.882543	7.0	1486.6633774581835	17.0	54.23491175765185	43.0	1224.0	34790.0	6123.0	93950.0
116.30473	39.882536	16.0	1549.356526245699	14.0	15.021931674765785	43.0	1224.0	34805.0	6123.0	94005.0
116.30527	39.883482	12.0	1629.8115621675488	18.0	176.33691394424176	43.0	1225.0	34458.0	5873.0	93418.0
116.304472	39.88644	59.0	1651.009012436014	0.0	83.50471596239265	43.0	1225.0	26506.0	5979.0	72146.0
116.30278	39.88241	769.0	1154.3761662870106	7.0	127.01308261545458	43.0	1225.0	29466.0	6115.0	81106.0
116.30397	39.883105	27.0	1238.121193058874	36.0	411.49570450797677	43.0	1225.0	33077.0	6118.0	91117.0
116.304457	39.885265	30.0	3310.0834294540114	0.0	277.4386893086401	43.0	1225.0	32148.0	6119.0	85548.0
116.30337	39.882711	19.0	2598.8157460573498	48.0	407.7210491223838	43.0	1226.0	32100.0	5935.0	85500.0
116.305375	39.882616	5.0	2869.407701949759	24.0	67.9045781894085	43.0	1226.0	32133.0	5935.0	85533.0
116.304485	39.885015	40.0	3228.91061256383	19.0	281.42758676226305	43.0	1226.0	32176.0	5935.0	85616.0
116.305412	39.882741	14.0	1566.401072330658	18.0	54.7591794692391	43.0	1226.0	38791.0	5939.0	104631.0
116.30478	39.88234	5.0	1644.5047228667388	8.0	12.066808854486691	43.0	1226.0	38817.0	5939.0	104657.0
116.304635	39.88295	57.0	1715.5540769882805	0.0	39.757619486584794	43.0	1226.0	38865.0	5939.0	104745.0
116.305362	39.883111	13.0	837.8312919030805	16.0	22.03404241871641	43.0	1226.0	41411.0	5979.0	113011.0
116.304485	39.88942	60.0	2340.1116062349383	32.0	289.840262327675	43.0	1226.0	36921.0	5992.0	101521.0
116.303595	39.882873	30.0	1753.4005714627417	0.0	111.00591978934546	43.0	1226.0	29606.0	5995.0	81326.0
116.305457	39.882823	196.0	1984.6277393039154	7.0	48.57312983889959	43.0	1226.0	29716.0	5995.0	81516.0
116.304352	39.888335	30.0	2728.5803660733613	0.0	174.11370949129193	43.0	1226.0	30085.0	5995.0	82125.0
116.30385	39.88295	36.0	1257.0963478021106	0.0	101.52580913087826	43.0	1226.0	25753.0	6110.0	70913.0
116.304577	39.88327	35.0	1328.66873291398	0.0	41.83688936851618	43.0	1226.0	25813.0	6110.0	71013.0
116.30433	39.885412	30.0	1881.9349375589939	0.0	301.3066014742331	43.0	1226.0	25971.0	6110.0	71251.0
116.304395	39.889908	30.0	2382.3653626978526	0.0	98.29073201615641	43.0	1226.0	26061.0	6110.0	71421.0
116.303785	39.882973	22.0	1296.899901175131	38.0	370.37173065750886	43.0	1226.0	33149.0	6119.0	91229.0
116.305445	39.883103	16.0	1485.255132342879	27.0	28.38030457785551	43.0	1226.0	33175.0	6119.0	91255.0
116.30454	39.888033	31.0	2205.6081373493257	0.0	148.32665972025922	43.0	1226.0	33285.0	6119.0	91445.0
116.304605	39.883186	10.0	1416.6233331770113	7.0	196.86857462140458	43.0	1226.0	40139.0	6123.0	110859.0
116.30541	39.88318	21.0	1499.0756276073198	18.0	17.97766516863151	43.0	1226.0	40158.0	6123.0	110918.0
116.3048	39.882283	21.0	1631.5698710143201	6.0	16.026332416678322	43.0	1226.0	40188.0	6123.0	110948.0
116.304877	39.882295	3.0	3057.2659847968457	19.0	35.13370773801597	43.0	1227.0	41653.0	5873.0	113413.0
116.30417	39.88311	21.0	1681.4682534756819	28.0	266.8805055149763	43.0	1227.0	36764.0	5897.0	101244.0
116.304832	39.882428	5.0	1942.3935416978636	14.0	15.297452559324539	43.0	1227.0	36811.0	5897.0	101331.0
116.305425	39.883246	6.0	1390.6453725509841	19.0	20.709015350329345	43.0	1227.0	34903.0	5935.0	94143.0
116.304644	39.88337	11.0	2185.611604666322	18.0	98.55609667589817	43.0	1227.0	26038.0	5987.0	71358.0
116.30543	39.88332	70.0	2263.039501174987	0.0	37.62962129614156	43.0	1227.0	26079.0	5987.0	71439.0
116.305002	39.882313	87.0	2392.0366334116743	10.0	7.942603396068277	43.0	1227.0	26152.0	5987.0	71552.0
116.304395	39.885528	241.0	2759.2950844288844	0.0	53.13307309587841	43.0	1227.0	26269.0	5987.0	71749.0
116.304782	39.882461	16.0	3188.0603821657696	22.0	17.235700985013786	43.0	1227.0	32076.0	5992.0	85436.0
116.305377	39.883402	13.0	828.111068311762	25.0	18.174812704448023	43.0	1227.0	38962.0	6111.0	104922.0
116.303805	39.88287	18.0	1980.1928387187688	40.0	362.4181522135478	43.0	1227.0	29654.0	6126.0	81414.0
116.304847	39.8823	16.0	2284.2937250394248	16.0	15.548075062935016	43.0	1227.0	29695.0	6126.0	81455.0
116.30256	39.882415	29.0	1112.3632385668395	49.0	343.70964484450417	43.0	1228.0	33108.0	5935.0	91148.0
116.305364	39.882741	26.0	1451.5916692732903	8.0	56.983071138452004	43.0	1228.0	33192.0	5935.0	91312.0
116.305515	39.88322	10.0	1428.2123635712135	31.0	29.76132371911899	43.0	1228.0	38753.0	5939.0	104553.0
116.305025	39.882441	4.0	1534.9930946988522	22.0	23.994333784120762	43.0	1228.0	38766.0	5939.0	104606.0
116.304532	39.885267	31.0	1858.3211696337962	23.0	277.06681317924637	43.0	1228.0	38804.0	5939.0	104644.0
116.303745	39.882973	60.0	1307.0694117210576	18.0	261.8373169404845	43.0	1228.0	34702.0	5979.0	93822.0
116.3046	39.88382	60.0	1736.9699362564197	0.0	126.19422520125048	43.0	1228.0	34869.0	5979.0	94109.0
116.305425	39.882691	8.0	2946.7866635336773	22.0	64.44394970041462	43.0	1228.0	37374.0	5987.0	102254.0
116.304717	39.88246	3.0	3034.0435450267737	9.0	19.982285538597324	43.0	1228.0	37389.0	5987.0	102309.0
116.304482	39.885348	39.0	5457.665299423832	0.0	310.47880005096687	43.0	1228.0	41626.0	6108.0	113346.0
116.304672	39.883303	3.0	1412.2199181600167	22.0	333.3846691615032	43.0	1228.0	31591.0	6110.0	84631.0
116.305407	39.882786	13.0	1543.0866257225002	0.0	45.29767211352841	43.0	1228.0	31624.0	6110.0	84704.0
116.304675	39.88256	52.0	1635.3554158158488	0.0	36.2747869295039	43.0	1228.0	31689.0	6110.0	84809.0
116.304384	39.885317	30.0	1943.2182857064313	0.0	65.0073066899693	43.0	1228.0	31771.0	6110.0	84931.0
116.304322	39.889627	29.0	2423.8179892804033	0.0	109.04261067987143	43.0	1228.0	31921.0	6110.0	85201.0
116.30215	39.88223	39.0	3737.39347734114	30.0	219.33216633145216	43.0	1228.0	37765.0	6111.0	102925.0
116.304835	39.882463	4.0	4201.528738409353	21.0	21.095999264032496	43.0	1228.0	37869.0	6111.0	103109.0
116.302735	39.88254	445.0	1170.7230334183073	0.0	124.139691866909	43.0	1228.0	25635.0	6118.0	70715.0
116.30487	39.883398	44.0	1353.628657124337	0.0	45.787564642896974	43.0	1228.0	29594.0	6119.0	81314.0
116.30539	39.882866	135.0	1446.0096237338923	0.0	31.10447789586213	43.0	1228.0	29668.0	6119.0	81428.0
116.304435	39.886308	30.0	1895.7501630888744	0.0	71.57739017164745	43.0	1228.0	29864.0	6119.0	81744.0
116.304497	39.888002	30.0	2084.4900064118406	0.0	97.3659982437997	43.0	1228.0	29924.0	6119.0	81844.0
116.30413	39.883175	7.0	1335.6042688040607	25.0	330.28055167692924	43.0	1229.0	29373.0	5873.0	80933.0
116.30499	39.882398	6.0	1522.537101183112	22.0	26.11385013425513	43.0	1229.0	40334.0	5897.0	111214.0
116.304607	39.882566	4.0	1567.8947595971338	27.0	28.473507532350133	43.0	1229.0	65447.0	5979.0	181047.0
116.305185	39.883445	10.0	1410.823351994395	21.0	64.99146928939257	43.0	1229.0	41548.0	5987.0	113228.0
116.30403	39.883046	3.0	1722.9943268318389	29.0	290.9434777560707	43.0	1229.0	36621.0	5995.0	101021.0
116.30474	39.882366	3.0	1992.2587325895865	23.0	18.67154669759132	43.0	1229.0	36648.0	5995.0	101048.0
116.305325	39.883243	11.0	1771.717039282416	28.0	26.280897125967144	43.0	1229.0	38813.0	6108.0	104653.0
116.30444	39.883311	27.0	1287.519515317836	16.0	173.91879130172413	43.0	1229.0	32958.0	6110.0	90918.0
116.304472	39.884925	17.0	1812.9837254940148	35.0	265.1813119527156	43.0	1229.0	33027.0	6110.0	91027.0
116.304467	39.887463	210.0	5830.43002469279	0.0	106.5949343195957	43.0	1229.0	31661.0	6111.0	84741.0
116.30433	39.886552	18.0	1865.799887490283	24.0	155.80062942876415	43.0	1229.0	31748.0	6115.0	84908.0
116.304412	39.884532	30.0	1848.5518667623778	25.0	206.07634219054853	43.0	1229.0	25689.0	6119.0	70809.0
116.30439	39.886278	16.0	2042.9863952758105	18.0	98.84679626909518	43.0	1229.0	25749.0	6119.0	70909.0
116.30483	39.883433	5.0	1456.1258870800036	19.0	231.02348544809567	43.0	1229.0	37779.0	6123.0	102939.0
116.305265	39.883125	18.0	1541.0041565462295	25.0	27.040294635603612	43.0	1230.0	37370.0	5873.0	102250.0
116.304592	39.883372	9.0	2006.8733558207268	20.0	300.62556094395865	43.0	1230.0	35950.0	5897.0	95910.0
116.305097	39.883495	4.0	1756.3210904565053	17.0	128.7201665758087	43.0	1230.0	34107.0	5935.0	92827.0
116.305415	39.883347	8.0	2047.9164496559545	28.0	26.34251552544984	43.0	1230.0	31076.0	5939.0	83756.0
116.30515	39.88247	4.0	2151.4852021957745	22.0	35.52134171236296	43.0	1230.0	31089.0	5939.0	83809.0
116.303745	39.882948	11.0	1762.2305084301286	37.0	355.85028472941	43.0	1230.0	31913.0	5995.0	85153.0
116.30471	39.88238	17.0	1692.5270492837833	25.0	19.503092047380896	43.0	1230.0	29568.0	6108.0	81248.0
116.304762	39.8825	4.0	1702.9543542744168	21.0	20.580689433015877	43.0	1230.0	36332.0	6118.0	100532.0
116.30363	39.882943	18.0	4100.429014442339	39.0	375.49159311655455	43.0	1230.0	34707.0	6126.0	93827.0
116.304625	39.88249	17.0	4320.79539775882	17.0	32.04532557793826	43.0	1231.0	60867.0	5873.0	165427.0
116.303775	39.885555	15.0	4681.883372391623	15.0	41.18171521258433	43.0	1231.0	60923.0	5873.0	165523.0
116.303895	39.886487	14.0	4786.0952213746	28.0	23.316619510988506	43.0	1231.0	60941.0	5873.0	165541.0
116.305305	39.882836	12.0	894.5662994857579	10.0	22.73327586445948	43.0	1231.0	38958.0	5935.0	104918.0
116.304502	39.886803	36.0	1456.9854734078447	0.0	156.06267361312436	43.0	1231.0	39068.0	5935.0	105108.0
116.302909	39.882485	21.0	1180.7017908617197	58.0	349.6171079269772	43.0	1231.0	40262.0	5939.0	111102.0
116.305409	39.883015	16.0	1450.9192225527693	24.0	33.05416362315729	43.0	1231.0	40291.0	5939.0	111131.0
116.304675	39.88257	43.0	1578.12634244918	15.0	17.414012803839444	43.0	1231.0	40326.0	5939.0	111206.0
116.30458	39.882671	68.0	2810.37460446213	15.0	17.330154335635733	43.0	1231.0	37859.0	6108.0	103059.0
116.304677	39.885203	32.0	3096.9854850263514	10.0	8.813609329273822	43.0	1231.0	37971.0	6108.0	103251.0
116.304595	39.88663	26.0	3255.9258695210756	0.0	95.02354288564602	43.0	1231.0	38027.0	6108.0	103347.0
116.30337	39.882823	15.0	1216.6265220891119	42.0	362.94486855946946	43.0	1231.0	33277.0	6115.0	91437.0
116.305422	39.883155	9.0	1437.327467116889	26.0	28.03431427389462	43.0	1231.0	33299.0	6115.0	91459.0
116.304682	39.882763	60.0	1584.5796775047602	12.0	19.71207060790815	43.0	1231.0	33325.0	6115.0	91525.0
116.30486	39.88255	4.0	2899.598101709476	25.0	18.86609359580711	43.0	1231.0	31965.0	6118.0	85245.0
116.30463	39.883607	30.0	1783.173768121979	0.0	99.49208443593118	43.0	104.0	33218.0	5873.0	91338.0
116.305205	39.882401	122.0	1446.9177979511849	7.0	114.79731618802256	43.0	104.0	29484.0	5987.0	81124.0
116.304377	39.889008	29.0	2217.288673397441	0.0	248.70004230600367	43.0	104.0	29696.0	5987.0	81456.0
116.304877	39.882356	4.0	1541.5666795574914	18.0	19.37509608714603	43.0	104.0	40202.0	5992.0	111002.0
116.30467	39.883315	12.0	3819.943438199023	12.0	80.56221356808547	43.0	104.0	39002.0	6111.0	105002.0
116.305362	39.883315	12.0	1633.1580216217358	17.0	17.48828893177271	43.0	104.0	41270.0	6115.0	112750.0
116.30443	39.888472	30.0	2323.585668897171	39.0	284.7516674863544	43.0	105.0	37795.0	5987.0	102955.0
116.304017	39.883095	20.0	1330.0933458734316	27.0	188.974658307083	43.0	105.0	34874.0	6110.0	94114.0
116.305412	39.883186	12.0	1478.0897126942132	19.0	24.808500776691325	43.0	105.0	34902.0	6110.0	94142.0
116.302912	39.882873	12.0	666.7357179683528	0.0	284.0874750836362	43.0	105.0	36353.0	6111.0	100553.0
116.305235	39.883276	15.0	899.2815206133645	18.0	20.13776968193877	43.0	105.0	36413.0	6111.0	100653.0
116.304655	39.882491	4.0	3014.3933725967427	20.0	21.84469311599731	43.0	106.0	39190.0	5873.0	105310.0
116.304975	39.882378	7.0	1604.7367942849924	25.0	37.40393194715048	43.0	106.0	33307.0	5897.0	91507.0
116.30473	39.882361	2.0	1546.1317182606635	23.0	24.527185679803836	43.0	106.0	36806.0	5979.0	101326.0
116.305325	39.883333	22.0	2904.5662272820623	20.0	20.071281741980854	43.0	106.0	41531.0	5992.0	113211.0
116.305002	39.882416	3.0	1548.9503912164528	29.0	33.588071326877966	43.0	106.0	29426.0	6119.0	81026.0
116.305432	39.88321	9.0	1489.935262604335	27.0	21.05728907866277	43.0	106.0	25633.0	6123.0	70713.0
116.303637	39.882895	22.0	1215.883149622941	39.0	256.6895758805601	43.0	107.0	29402.0	5935.0	81002.0
116.30503	39.882366	3.0	1514.8716457495334	16.0	21.034863319687787	43.0	107.0	29438.0	5935.0	81038.0
116.303325	39.882858	13.0	1323.7816087574215	32.0	342.557277879234	43.0	107.0	47895.0	5939.0	131815.0
116.304175	39.883168	13.0	1266.1355912479055	23.0	270.91513672119726	43.0	107.0	33043.0	5979.0	91043.0
116.305364	39.883367	4.0	1379.7443383863629	25.0	18.124700428325735	43.0	107.0	33059.0	5979.0	91059.0
116.30294	39.88269	30.0	2123.7140522280915	34.0	351.8127856847386	43.0	107.0	34788.0	6115.0	93948.0
116.304915	39.88357	45.0	2318.855258453738	10.0	87.0359298015715	43.0	107.0	34841.0	6115.0	94041.0
116.305405	39.883046	240.0	2401.2125833059117	0.0	35.1965947513221	43.0	107.0	34921.0	6115.0	94201.0
116.30534	39.883518	2.0	1420.1993848820246	22.0	187.74454120280663	43.0	107.0	25701.0	6118.0	70821.0
116.304997	39.882481	8.0	1554.8957222890854	29.0	32.55542026770834	43.0	107.0	25714.0	6118.0	70834.0
116.303385	39.88283	44.0	1279.94849912352	0.0	307.9410549337855	43.0	107.0	41186.0	6123.0	112626.0
116.303905	39.882981	30.0	1309.1405392494312	0.0	65.84697186629032	43.0	108.0	34861.0	5897.0	94101.0
116.305175	39.88251	4.0	1547.2975315493857	10.0	35.79763460098203	43.0	108.0	34986.0	5897.0	94306.0
116.30271	39.882393	60.0	1157.916968187266	39.0	324.21436662607385	43.0	108.0	36594.0	5935.0	100954.0
116.305352	39.883318	8.0	1414.5502675588643	14.0	12.402043255135894	43.0	108.0	36686.0	5935.0	101126.0
116.30497	39.882346	10.0	1538.176523107809	10.0	15.319093716517079	43.0	108.0	36709.0	5935.0	101149.0
116.3018	39.88204	120.0	1028.2325335195349	0.0	89.75472445974782	43.0	108.0	29495.0	5987.0	81135.0
116.303125	39.88274	90.0	1166.3886701817944	0.0	52.12955973002179	43.0	108.0	29646.0	5987.0	81406.0
116.305337	39.88351	462.0	1380.9447585782896	8.0	15.715778803004065	43.0	108.0	29746.0	5987.0	81546.0
116.304437	39.885422	30.0	1635.0748816187665	0.0	43.3979701758086	43.0	108.0	30237.0	5987.0	82357.0
116.30441	39.88814	29.0	1937.5177299809432	22.0	213.40254247370223	43.0	108.0	30298.0	5987.0	82458.0
116.30538	39.883258	11.0	1385.4839150371372	28.0	26.933088262914954	43.0	108.0	42540.0	5995.0	114900.0
116.30435	39.88316	17.0	1320.282984459834	0.0	158.715016157978	43.0	108.0	33241.0	6123.0	91401.0
116.304705	39.882428	3.0	1335.682634352018	22.0	27.001564948132454	43.0	109.0	37753.0	5873.0	102913.0
116.304005	39.882986	2.0	1328.6202094523019	46.0	393.7644483030116	43.0	109.0	29577.0	5897.0	81257.0
116.30199	39.882193	30.0	1110.6206423827089	0.0	84.67140030991526	43.0	109.0	34672.0	5939.0	93752.0
116.305405	39.883422	9.0	1446.5652928046054	14.0	15.206049525803206	43.0	109.0	34795.0	5939.0	93955.0
116.30549	39.882735	5.0	1526.8350173211256	0.0	41.69186405338377	43.0	109.0	34834.0	5939.0	94034.0
116.30534	39.88331	5.0	1666.9020493549092	23.0	17.532622939775496	43.0	109.0	39007.0	5992.0	105007.0
116.304265	39.883263	12.0	2609.9503790540334	29.0	390.09162501198324	43.0	109.0	41612.0	6111.0	113332.0
116.305412	39.883385	3.0	2722.615888722069	27.0	19.236155014706434	43.0	109.0	41651.0	6111.0	113411.0
116.30462	39.882663	1.0	2874.5259727543	25.0	27.133643359816237	43.0	109.0	41656.0	6111.0	113416.0
116.304712	39.882461	4.0	1562.5369823195617	22.0	25.369393633841824	43.0	109.0	36710.0	6119.0	101150.0
116.30521	39.883165	13.0	1683.8367865954776	17.0	20.36561656641385	43.0	110.0	34983.0	5873.0	94303.0
116.304527	39.882403	16.0	1801.383045599805	7.0	20.158928190695963	43.0	110.0	35031.0	5873.0	94351.0
116.304345	39.8848	9.0	2070.1352876047467	7.0	168.25471221627117	43.0	110.0	35084.0	5873.0	94444.0
116.305412	39.88285	5.0	4439.415297152469	29.0	62.08766375495097	43.0	110.0	41578.0	5939.0	113258.0
116.304622	39.888968	30.0	5230.610231974263	0.0	327.5169665090962	43.0	110.0	41654.0	5939.0	113414.0
116.303777	39.882953	20.0	1185.73525414365	33.0	355.61319539043296	43.0	110.0	36764.0	5979.0	101244.0
116.305357	39.883028	15.0	1363.0834268261665	26.0	28.465628640627223	43.0	110.0	36792.0	5979.0	101312.0
116.303262	39.882728	19.0	609.6496008447517	42.0	362.95407822817236	43.0	110.0	38945.0	5995.0	104905.0
116.3026	39.882645	79.0	2008.8467844530721	0.0	51.5744512503044	43.0	110.0	29582.0	6108.0	81302.0
116.305255	39.883575	25.0	2263.235021921437	10.0	12.5194400960302	43.0	110.0	29686.0	6108.0	81446.0
116.3053	39.882916	28.0	2337.8536369238477	10.0	46.5700023013796	43.0	110.0	29739.0	6108.0	81539.0
116.304765	39.88259	77.0	2409.424138379555	8.0	35.48192564472073	43.0	110.0	29798.0	6108.0	81638.0
116.30414	39.88798	28.0	3012.1893550179757	27.0	259.2473592199078	43.0	110.0	29934.0	6108.0	81854.0
116.304715	39.883415	73.0	2701.699703683752	7.0	132.83092430342003	43.0	110.0	33379.0	6118.0	91619.0
116.30478	39.882686	61.0	2907.118442585937	11.0	12.934350964848107	43.0	110.0	33487.0	6118.0	91807.0
116.304415	39.886932	29.0	3382.0098692357906	31.0	197.40733803412672	43.0	110.0	33578.0	6118.0	91938.0
116.304415	39.88972	29.0	3692.2308278974806	43.0	185.4833786874353	43.0	110.0	33638.0	6118.0	92038.0
116.30209	39.882261	111.0	1053.8138245568175	31.0	287.4693417435759	43.0	111.0	29459.0	5935.0	81059.0
116.305217	39.883527	37.0	1356.3595915834014	15.0	97.59083220723986	43.0	111.0	29603.0	5935.0	81323.0
116.305405	39.882746	20.0	1448.6287893919769	0.0	54.74169030524669	43.0	111.0	29663.0	5935.0	81423.0
116.3051	39.882423	81.0	1493.6070574158464	8.0	23.934460967952216	43.0	111.0	29702.0	5935.0	81502.0
116.30455	39.88789	30.0	2122.440526880172	30.0	192.03561204403715	43.0	111.0	29843.0	5935.0	81723.0
116.305342	39.882645	11.0	2843.3284068703233	15.0	61.40884768954142	43.0	111.0	33539.0	5979.0	91859.0
116.305367	39.883056	16.0	1209.3087098038104	13.0	41.924078822079856	43.0	111.0	34789.0	6108.0	93949.0
116.304855	39.883397	6.0	1431.797724110655	23.0	244.55353595819838	43.0	111.0	38849.0	6119.0	104729.0
116.304297	39.885328	54.0	3449.2804000348174	33.0	319.1480192509981	43.0	112.0	41476.0	5873.0	113116.0
116.304644	39.882713	29.0	1627.6012980130542	8.0	14.494673451385646	43.0	112.0	34883.0	5897.0	94123.0
116.301947	39.882115	215.0	1097.2704743828454	30.0	265.8882754916167	43.0	112.0	29478.0	5935.0	81118.0
116.305025	39.882376	104.0	1554.0688029448618	0.0	58.057301992048664	43.0	112.0	29787.0	5935.0	81627.0
116.304505	39.886783	59.0	2050.46702563303	27.0	192.41612986634289	43.0	112.0	29922.0	5935.0	81842.0
116.304392	39.888192	90.0	2453.823103117152	26.0	276.49567214393534	43.0	112.0	31844.0	5992.0	85044.0
116.305275	39.883246	3.0	1466.3181669822354	0.0	28.81701280134081	43.0	112.0	36788.0	6110.0	101308.0
116.305347	39.882855	12.0	1510.3213371780384	7.0	39.003418476827754	43.0	112.0	36821.0	6110.0	101341.0
116.304642	39.882425	64.0	1607.248216792428	7.0	11.679817157696146	43.0	112.0	36860.0	6110.0	101420.0
116.305342	39.883343	11.0	2587.6607929156926	20.0	21.019593564463797	43.0	112.0	39143.0	6111.0	105223.0
116.303102	39.882625	22.0	1720.01729414224	50.0	365.1931066628538	43.0	112.0	33192.0	6119.0	91312.0
116.305125	39.882385	4.0	2048.5708103805605	12.0	35.026136082996835	43.0	112.0	33231.0	6119.0	91351.0
116.304687	39.88245	13.0	1609.3700678510515	11.0	16.555401870380244	43.0	113.0	33056.0	5935.0	91056.0
116.304479	39.883352	9.0	1414.2087300855897	6.0	123.86301123592187	43.0	113.0	38778.0	5939.0	104618.0
116.305317	39.882708	109.0	1584.9033192518643	12.0	73.09565533109557	43.0	113.0	38841.0	5939.0	104721.0
116.304425	39.888933	30.0	2381.2558398389365	17.0	140.751497062922	43.0	113.0	39040.0	5939.0	105040.0
116.305137	39.88342	4.0	1321.3425450979257	19.0	104.57965547227002	43.0	113.0	36671.0	6115.0	101111.0
116.305302	39.883086	8.0	1362.8753016732087	28.0	25.707228714261696	43.0	113.0	36678.0	6115.0	101118.0
116.30455	39.888345	210.0	3545.8267644922034	30.0	260.7448526246507	43.0	113.0	40685.0	6118.0	111805.0
116.304745	39.882466	4.0	1579.5192263332378	21.0	17.537746049022296	43.0	113.0	30487.0	6123.0	82807.0
116.30451	39.888655	60.0	2270.66767861479	36.0	335.6225277736047	43.0	113.0	30551.0	6123.0	82911.0
116.305342	39.883213	5.0	2227.44146201469	29.0	108.90895273389866	43.0	114.0	30482.0	5873.0	82802.0
116.30514	39.882386	4.0	1550.0934045006704	20.0	36.965299023040174	43.0	114.0	28095.0	5979.0	74815.0
116.305025	39.882386	3.0	1611.427604045757	23.0	36.90033843006603	43.0	114.0	33102.0	5992.0	91142.0
116.302952	39.882603	30.0	583.9059306928668	51.0	362.991681229768	43.0	114.0	36739.0	5995.0	101219.0
116.305152	39.882408	4.0	1366.708282266536	22.0	40.263038841325105	43.0	114.0	25839.0	6110.0	71039.0
116.303047	39.882708	30.0	1245.666125809229	0.0	288.3493872636616	43.0	114.0	38925.0	6123.0	104845.0
116.30533	39.883373	8.0	1289.2053413928224	35.0	25.92494478211163	43.0	115.0	37777.0	5873.0	102937.0
116.303805	39.882975	399.0	1228.8124955334326	0.0	72.85592007507573	43.0	115.0	30783.0	5935.0	83303.0
116.304507	39.884957	29.0	1508.9410213069475	0.0	55.29938774787747	43.0	115.0	31213.0	5935.0	84013.0
116.304555	39.886967	30.0	1732.6202939541245	0.0	91.4649703815435	43.0	115.0	31272.0	5935.0	84112.0
116.304532	39.888547	90.0	1908.710268112437	0.0	65.32514637656618	43.0	115.0	31332.0	5935.0	84212.0
116.305107	39.883467	21.0	1379.100446692935	0.0	77.78470801171974	43.0	115.0	33226.0	6110.0	91346.0
116.305382	39.882593	88.0	1496.6608603349528	0.0	60.362068009457346	43.0	115.0	33304.0	6110.0	91504.0
116.30348	39.882873	30.0	1263.4307648741235	0.0	128.72652341580147	43.0	115.0	36772.0	6111.0	101252.0
116.304395	39.88473	15.0	1859.185556323753	43.0	232.03654049294997	43.0	115.0	36875.0	6111.0	101435.0
116.304497	39.884693	60.0	1264.9014703376486	8.0	8.746534025089131	43.0	115.0	29003.0	6118.0	80323.0
116.301905	39.882095	121.0	1029.1556280423933	18.0	223.69026137169547	43.0	116.0	25726.0	5935.0	70846.0
116.304422	39.88322	282.0	1278.084003046548	0.0	50.777167736519544	43.0	116.0	25876.0	5935.0	71116.0
116.304432	39.885305	26.0	1562.9040442880378	0.0	65.20224183169829	43.0	116.0	26188.0	5935.0	71628.0
116.302235	39.882235	60.0	1112.509316551988	37.0	302.4085384543744	43.0	116.0	34792.0	5987.0	93952.0
116.30511	39.883422	7.0	1391.4417617778315	0.0	105.4936991204709	43.0	116.0	34882.0	5987.0	94122.0
116.305325	39.883335	5.0	1412.6682151589641	8.0	11.048569034554413	43.0	116.0	34895.0	5987.0	94135.0
116.30441	39.88949	30.0	2155.768282251293	0.0	98.83480279684906	43.0	116.0	35206.0	5987.0	94646.0
116.305285	39.88252	109.0	1881.4892816733168	9.0	42.751362095595475	43.0	116.0	33445.0	6115.0	91725.0
116.304422	39.884947	49.0	2174.2513048202386	0.0	77.98649011889405	43.0	116.0	33579.0	6115.0	91939.0
116.304367	39.88326	13.0	1297.5690227108064	30.0	360.2119861044997	43.0	116.0	41128.0	6118.0	112528.0
116.305402	39.883388	32.0	1399.2350753309904	17.0	17.29754148646574	43.0	116.0	41145.0	6118.0	112545.0
116.30481	39.882523	1.0	1533.1753517669174	22.0	22.273766504287167	43.0	116.0	41181.0	6118.0	112621.0
116.305165	39.882378	4.0	1576.3462568397124	26.0	36.99903125333628	43.0	116.0	36569.0	6123.0	100929.0
116.302909	39.882756	9.0	875.000676161939	21.0	283.92394581468443	43.0	117.0	36961.0	5873.0	101601.0
116.304275	39.885425	30.0	1576.0723201210906	0.0	103.14438898651002	43.0	117.0	37067.0	5873.0	101747.0
116.3022	39.882245	31.0	1006.8027122844512	45.0	326.992058401842	43.0	117.0	41272.0	5935.0	112752.0
116.305175	39.883585	53.0	1440.5287185579768	0.0	110.72595477800088	43.0	117.0	28130.0	5987.0	74850.0
116.305482	39.882855	190.0	1535.0922320337313	0.0	55.634740329409844	43.0	117.0	28219.0	5987.0	75019.0
116.305515	39.883283	20.0	2101.1462130214613	14.0	18.292577682235923	43.0	117.0	30786.0	6108.0	83306.0
116.305222	39.882476	105.0	2196.2122436678883	0.0	47.87794137258102	43.0	117.0	30836.0	6108.0	83356.0
116.304475	39.885338	31.0	2553.886318904151	0.0	50.22503794778206	43.0	117.0	30971.0	6108.0	83611.0
116.304559	39.888747	66.0	2933.624229574733	19.0	287.50740349710696	43.0	117.0	31031.0	6108.0	83711.0
116.304514	39.888535	30.0	2804.7962872097555	0.0	120.50769430701936	43.0	117.0	33303.0	6119.0	91503.0
116.30532	39.882658	21.0	1479.5854608360087	7.0	30.793224329859363	43.0	118.0	30710.0	5897.0	83150.0
116.304435	39.885038	30.0	1817.026861023538	0.0	160.01329303142808	43.0	118.0	30812.0	5897.0	83332.0
116.303877	39.882868	30.0	971.0044657144424	0.0	110.0924831010327	43.0	118.0	37782.0	5979.0	102942.0
116.305162	39.883467	14.0	1100.2841023655878	7.0	73.9787470361127	43.0	118.0	37842.0	5979.0	103042.0
116.305364	39.882756	28.0	1186.8127624651104	8.0	46.097806938891544	43.0	118.0	37890.0	5979.0	103130.0
116.304927	39.882431	54.0	1240.3292469786838	12.0	14.471711549810275	43.0	118.0	37923.0	5979.0	103203.0
116.305295	39.883478	23.0	1110.8558112527087	22.0	18.41799162391605	43.0	118.0	39007.0	5995.0	105007.0
116.305335	39.883463	9.0	1821.5144687616319	23.0	25.591520910912692	43.0	118.0	36551.0	6108.0	100911.0
116.305062	39.882538	4.0	1931.1832002631725	10.0	6.852766222767962	43.0	118.0	36574.0	6108.0	100934.0
116.30284	39.882491	21.0	1206.3982332262972	35.0	351.89350311204305	43.0	118.0	34763.0	6110.0	93923.0
116.30511	39.88228	4.0	1585.6930617332048	16.0	29.637384271426082	43.0	118.0	34833.0	6110.0	94033.0
116.30279	39.88256	90.0	1105.6228173179798	0.0	188.6914502834782	43.0	118.0	28180.0	6118.0	74940.0
116.304742	39.883472	166.0	1300.8914180987813	0.0	33.69921388934052	43.0	118.0	28330.0	6118.0	75210.0
116.304405	39.885158	29.0	1542.2120203162199	7.0	74.45590491259406	43.0	118.0	28527.0	6118.0	75527.0
116.302745	39.882591	16.0	1139.8875854496812	36.0	307.7019157701698	43.0	119.0	41211.0	5873.0	112651.0
116.304995	39.883472	12.0	1355.6622173243775	0.0	70.0641867621692	43.0	119.0	41260.0	5873.0	112740.0
116.3053	39.883123	19.0	1406.0335120948534	20.0	29.072748517845838	43.0	119.0	41273.0	5873.0	112753.0
116.304567	39.883532	16.0	1624.8617881735574	15.0	92.28549516589467	43.0	119.0	41347.0	5873.0	112907.0
116.30501	39.88342	26.0	1337.9753215278529	7.0	52.79735110124543	43.0	119.0	30631.0	5897.0	83031.0
116.304907	39.882356	132.0	1488.404169197921	0.0	38.97423900190592	43.0	119.0	30725.0	5897.0	83205.0
116.3045	39.887232	30.0	2037.0021091670828	0.0	107.28423716883975	43.0	119.0	30917.0	5897.0	83517.0
116.30424	39.883392	25.0	1336.2839288726786	24.0	191.37638711481316	43.0	119.0	37764.0	5995.0	102924.0
116.304255	39.885187	150.0	1886.7557199824	13.0	163.99312003385862	43.0	119.0	37924.0	5995.0	103204.0
116.305435	39.882906	13.0	1563.4547962509084	0.0	53.100471538232114	43.0	119.0	25787.0	6110.0	70947.0
116.304517	39.883443	60.0	1769.117081790323	0.0	98.19217970804583	43.0	119.0	25855.0	6110.0	71055.0
116.30433	39.888013	30.0	2278.147018473647	0.0	204.0457301867397	43.0	119.0	25945.0	6110.0	71225.0
116.304377	39.883258	12.0	1551.1086251479435	9.0	25.139314259785035	43.0	119.0	34744.0	6115.0	93904.0
116.305357	39.882823	29.0	1687.2532747073535	7.0	52.280332455706876	43.0	119.0	34815.0	6115.0	94015.0
116.304667	39.88239	9.0	1782.047780864614	0.0	8.849929794804849	43.0	119.0	34911.0	6115.0	94151.0
116.304055	39.88312	10.0	1273.0796902646237	30.0	253.60972187503054	43.0	119.0	40249.0	6118.0	111049.0
116.304697	39.882703	31.0	1566.1520724404384	11.0	16.925749897766845	43.0	119.0	40292.0	6118.0	111132.0
116.304665	39.883385	52.0	1390.8131973004322	0.0	62.005924806377934	43.0	119.0	28159.0	6119.0	74919.0
116.30535	39.88329	180.0	1463.4161346524263	8.0	26.57001753497622	43.0	119.0	28231.0	6119.0	75031.0
116.305364	39.883311	4.0	1440.6098373518937	17.0	17.420480248517535	43.0	119.0	33303.0	6123.0	91503.0
116.303845	39.883036	17.0	1306.8369738741364	31.0	276.76513765767885	43.0	120.0	25913.0	5897.0	71153.0
116.304885	39.8824	3.0	1580.4734450756832	23.0	33.829537621761396	43.0	120.0	25951.0	5897.0	71231.0
116.305387	39.88347	2.0	1740.724643956388	17.0	12.96108187902581	43.0	120.0	30416.0	5939.0	82656.0
116.304722	39.882593	93.0	1894.2321659427691	0.0	32.44653149651774	43.0	120.0	30475.0	5939.0	82755.0
116.304485	39.888567	61.0	2560.1974337435136	29.0	278.60693417309983	43.0	120.0	30634.0	5939.0	83034.0
116.305262	39.882681	16.0	1470.6425950391385	8.0	61.2482929031051	43.0	120.0	36856.0	5979.0	101416.0
116.304977	39.882368	26.0	1514.2215350424358	8.0	9.752891268756713	43.0	120.0	36877.0	5979.0	101437.0
116.304595	39.8827	30.0	1569.8807411835014	0.0	0.0	43.0	120.0	36940.0	5979.0	101540.0
116.30531	39.883126	11.0	1177.1238407789035	7.0	46.5497274364417	43.0	120.0	38956.0	5995.0	104916.0
116.304677	39.882593	1.0	1267.5235842319532	8.0	19.480055563868593	43.0	120.0	39005.0	5995.0	105005.0
116.30455	39.882918	61.0	1306.805882650177	12.0	28.356082771541764	43.0	120.0	39016.0	5995.0	105016.0
116.304357	39.885572	31.0	1602.7443155456144	0.0	68.09641796832335	43.0	120.0	39106.0	5995.0	105146.0
116.304355	39.883211	15.0	1859.3656007452548	11.0	369.5506386721689	43.0	120.0	34532.0	6108.0	93532.0
116.30544	39.883143	12.0	1977.019612605494	24.0	43.58911848590492	43.0	120.0	34554.0	6108.0	93554.0
116.304342	39.88476	26.0	2367.706319741637	0.0	252.96053476255048	43.0	120.0	34626.0	6108.0	93706.0
116.3051	39.882383	2.0	1582.1498590713572	25.0	39.504241772430426	43.0	120.0	28166.0	6110.0	74926.0
116.304265	39.883263	13.0	1401.4391786631354	21.0	215.63978706297138	43.0	120.0	41231.0	6115.0	112711.0
116.305337	39.883433	4.0	1506.7228930518947	23.0	17.99016371680121	43.0	120.0	41247.0	6115.0	112727.0
116.304985	39.882433	4.0	1628.6587896531896	17.0	19.988647320928408	43.0	120.0	41265.0	6115.0	112745.0
116.304682	39.882648	30.0	1665.847398651865	12.0	15.038545665798937	43.0	120.0	41273.0	6115.0	112753.0
116.304377	39.883273	15.0	1353.7085097109712	8.0	279.96313730223295	43.0	120.0	40123.0	6119.0	110843.0
116.30535	39.883238	13.0	1463.6252199402081	16.0	23.59459832666911	43.0	120.0	40149.0	6119.0	110909.0
116.30433	39.885488	30.0	1914.0351820429755	0.0	152.9120223400247	43.0	120.0	40257.0	6119.0	111057.0
116.30517	39.883488	4.0	1325.9895635656785	21.0	122.25454497478097	43.0	121.0	40260.0	5935.0	111100.0
116.30535	39.882721	8.0	1419.265478077196	14.0	45.46161451196801	43.0	121.0	40279.0	5935.0	111119.0
116.30516	39.88256	11.0	1647.3575991177893	20.0	67.45526036464008	43.0	121.0	33702.0	5979.0	92142.0
116.305495	39.883018	7.0	1010.7087145615078	32.0	51.13666232734699	43.0	121.0	28179.0	5992.0	74939.0
116.30441	39.889647	30.0	2404.168975430198	0.0	225.19649123411207	43.0	121.0	35503.0	6110.0	95143.0
116.30411	39.883148	8.0	1277.6017384312386	41.0	566.001107139374	43.0	121.0	25694.0	6118.0	70814.0
116.305322	39.883453	34.0	1514.7550182306265	14.0	21.859819904429575	43.0	122.0	30520.0	5987.0	82840.0
116.305337	39.88262	125.0	1608.8487703236983	0.0	38.3338842842216	43.0	122.0	30584.0	5987.0	82944.0
116.304445	39.883283	36.0	4259.065061868214	0.0	304.6902385228676	43.0	122.0	25714.0	6111.0	70834.0
116.3054	39.883398	63.0	4351.226650676756	8.0	28.681170095063955	43.0	122.0	25779.0	6111.0	70939.0
116.305245	39.882443	134.0	4463.346492393185	11.0	27.690586753099492	43.0	122.0	25870.0	6111.0	71110.0
116.304327	39.886695	60.0	4955.244663213012	0.0	134.40967911259762	43.0	122.0	26034.0	6111.0	71354.0
116.30443	39.88326	83.0	1221.3890762660533	0.0	62.84833609636778	43.0	122.0	34753.0	6115.0	93913.0
116.305235	39.883266	483.0	1307.727361828833	10.0	17.41398760200661	43.0	122.0	34867.0	6115.0	94107.0
116.303597	39.882885	19.0	3024.1648859308725	36.0	384.46235631939066	43.0	122.0	46304.0	6119.0	125144.0
116.305267	39.883443	3.0	1475.6543350514653	23.0	81.47581822651874	43.0	122.0	39293.0	6123.0	105453.0
116.305057	39.88241	3.0	1600.4344337356747	25.0	36.712534765469506	43.0	122.0	39311.0	6123.0	105511.0
116.305115	39.883443	4.0	1473.9390043033193	18.0	51.82244146834364	43.0	123.0	33222.0	5979.0	91342.0
116.305387	39.883171	14.0	1515.8101407730176	22.0	22.33058571816231	43.0	123.0	33230.0	5979.0	91350.0
116.305372	39.883241	13.0	1460.4738049227778	16.0	21.589129762412313	43.0	123.0	36601.0	5987.0	101001.0
116.304747	39.882405	16.0	1591.2702358938666	7.0	23.52789101014216	43.0	123.0	36633.0	5987.0	101033.0
116.303962	39.883068	30.0	1467.9378360993487	0.0	107.03050991856455	43.0	123.0	38601.0	5992.0	104321.0
116.305364	39.883311	13.0	1608.983422311517	15.0	16.0612537227174	43.0	123.0	38645.0	5992.0	104405.0
116.304447	39.884302	30.0	1829.7728352308177	27.0	189.83182522144708	43.0	123.0	34985.0	6115.0	94305.0
116.304692	39.883487	63.0	1314.612670691393	26.0	218.83374364638374	43.0	124.0	37710.0	5935.0	102830.0
116.305382	39.883243	13.0	1396.9139010928513	13.0	18.51872621519441	43.0	124.0	37782.0	5935.0	102942.0
116.30471	39.882501	25.0	1525.7998362649266	0.0	10.167586763291018	43.0	124.0	37887.0	5935.0	103127.0
116.305005	39.8834	9.0	1417.7274727826427	25.0	275.0808081717225	43.0	124.0	33117.0	5987.0	91157.0
116.305105	39.882326	8.0	1576.9386332100066	9.0	16.745857596760786	43.0	124.0	33145.0	5987.0	91225.0
116.305455	39.883325	13.0	1415.8088891461005	11.0	20.003421901567677	43.0	124.0	28242.0	5995.0	75042.0
116.304685	39.883261	36.0	1653.5731324270491	0.0	65.95582173433115	43.0	124.0	28348.0	5995.0	75228.0
116.30196	39.882256	36.0	1235.0907033249885	35.0	285.1263371897464	43.0	124.0	34895.0	6111.0	94135.0
116.304975	39.883685	14.0	1539.8289371812186	8.0	13.66849744958032	43.0	124.0	34960.0	6111.0	94240.0
116.305002	39.882583	12.0	1678.4030202050624	0.0	39.90498634498464	43.0	124.0	35029.0	6111.0	94349.0
116.304522	39.882568	57.0	1730.8263236285645	10.0	14.031863221759973	43.0	124.0	35051.0	6111.0	94411.0
116.303355	39.882923	29.0	1253.6345295970464	0.0	41.920808272396286	43.0	124.0	36799.0	6115.0	101319.0
116.304647	39.883447	32.0	1378.8426771249706	0.0	62.43665835785529	43.0	124.0	36859.0	6115.0	101419.0
116.305297	39.882798	78.0	1503.3450649068484	0.0	59.52726687310575	43.0	124.0	36936.0	6115.0	101536.0
116.304932	39.882475	1.0	2867.5563831945524	16.0	42.775937083925704	43.0	124.0	41835.0	6118.0	113715.0
116.304367	39.88858	30.0	3555.016538013554	11.0	36.991515804914094	43.0	124.0	41915.0	6118.0	113835.0
116.305415	39.883305	11.0	1460.341699464941	6.0	14.563619453929997	43.0	124.0	30567.0	6119.0	82927.0
116.30484	39.88233	50.0	1606.8593580351367	12.0	22.693461538239344	43.0	124.0	30594.0	6119.0	82954.0
116.304625	39.883395	150.0	1728.1969356651925	10.0	11.735874177842303	43.0	124.0	30657.0	6119.0	83057.0
116.304505	39.888338	29.0	2279.105824883153	0.0	74.02323950552265	43.0	124.0	30858.0	6119.0	83418.0
116.304022	39.883161	21.0	1361.1087610859988	29.0	284.32946357693635	43.0	124.0	39045.0	6123.0	105045.0
116.305242	39.883528	13.0	1423.3952811794418	19.0	185.4021960492241	43.0	125.0	26064.0	5897.0	71424.0
116.304797	39.882413	4.0	1509.8228348505286	25.0	20.576129420208552	43.0	125.0	30469.0	5935.0	82749.0
116.305412	39.883515	9.0	1832.0197798381223	22.0	209.7187911368897	43.0	125.0	37761.0	5939.0	102921.0
116.30526	39.882411	3.0	1969.8921418038162	17.0	35.06035155441907	43.0	125.0	37787.0	5939.0	102947.0
116.305052	39.882338	8.0	4198.063138911123	22.0	41.37160373716071	43.0	125.0	41452.0	5995.0	113052.0
116.304935	39.882283	129.0	1736.5377189942087	7.0	12.280363900750666	43.0	125.0	28322.0	6111.0	75202.0
116.302284	39.88229	61.0	1094.0529470467259	41.0	311.4971037384656	43.0	125.0	38966.0	6115.0	104926.0
116.305415	39.883166	9.0	1413.9315753373191	27.0	25.966426519574586	43.0	125.0	39031.0	6115.0	105031.0
116.304905	39.882396	3.0	1517.1970046077754	23.0	32.534043116343746	43.0	125.0	39045.0	6115.0	105045.0
116.304952	39.882396	3.0	1529.4187291245053	30.0	44.19460097152314	43.0	125.0	36752.0	6119.0	101232.0
116.303505	39.882838	24.0	1197.7264162880258	42.0	370.4001802762097	43.0	125.0	34990.0	6123.0	94310.0
116.30524	39.882731	29.0	1559.6701805962941	7.0	20.86521870866286	43.0	126.0	35157.0	5873.0	94557.0
116.304577	39.882595	129.0	1640.1438939049183	6.0	8.610790770156402	43.0	126.0	35208.0	5873.0	94648.0
116.304382	39.888563	23.0	2305.21868552204	0.0	136.30591195608972	43.0	126.0	35373.0	5873.0	94933.0
116.303915	39.883	28.0	1253.642642742432	9.0	58.66369631088167	43.0	126.0	41373.0	5897.0	112933.0
116.30473	39.882388	2.0	1530.1099518990973	16.0	17.857237584764732	43.0	126.0	41439.0	5897.0	113039.0
116.30516	39.883637	12.0	2865.923829712603	7.0	18.30550424935204	43.0	126.0	37979.0	5979.0	103259.0
116.305282	39.883055	31.0	2932.208524202698	0.0	45.14433460985159	43.0	126.0	38019.0	5979.0	103339.0
116.30504	39.882575	102.0	2990.6777737788734	12.0	29.134125891592724	43.0	126.0	38080.0	5979.0	103440.0
116.30236	39.882383	23.0	1131.5644362074104	0.0	289.15534408214893	43.0	126.0	33132.0	5987.0	91212.0
116.304675	39.883447	103.0	1362.0148518057576	17.0	137.8043338987618	43.0	126.0	33185.0	5987.0	91305.0
116.305125	39.882461	113.0	1530.5447850736682	0.0	33.86722945668711	43.0	126.0	33318.0	5987.0	91518.0
116.303057	39.882631	137.0	1274.663763017562	27.0	174.11579626942054	43.0	126.0	30541.0	5992.0	82901.0
116.305365	39.882973	7.0	1539.5683918699779	0.0	39.803456336103324	43.0	126.0	30708.0	5992.0	83148.0
116.305185	39.8825	209.0	1594.737168971554	7.0	43.233036507885544	43.0	126.0	30745.0	5992.0	83225.0
116.30439	39.887755	120.0	2224.5208637477217	41.0	224.9749376936316	43.0	126.0	31014.0	5992.0	83654.0
116.30206	39.882175	72.0	1406.4046548080048	37.0	298.3584818389557	43.0	126.0	38888.0	6115.0	104808.0
116.30517	39.88322	23.0	1715.599062576512	9.0	15.757949938158038	43.0	126.0	39004.0	6115.0	105004.0
116.30498	39.882558	27.0	1794.50339368315	9.0	37.424347219073624	43.0	126.0	39042.0	6115.0	105042.0
116.305035	39.882468	3.0	919.7058749918538	20.0	31.748290028876262	43.0	126.0	25818.0	6118.0	71018.0
116.30372	39.882965	347.0	1295.5394219747886	0.0	116.60995535117723	43.0	126.0	28201.0	6123.0	75001.0
116.30446	39.887947	125.0	1975.6108761448054	0.0	86.22992600894466	43.0	126.0	28626.0	6123.0	75706.0
116.305	39.882446	4.0	859.7348413127088	16.0	30.5990276721174	43.0	127.0	38740.0	5897.0	104540.0
116.3045	39.88839	1.0	1539.0229807564883	0.0	206.2522092793962	43.0	127.0	38873.0	5897.0	104753.0
116.302877	39.882523	60.0	1093.2084829053902	0.0	73.65337634333804	43.0	127.0	41350.0	5979.0	112910.0
116.305105	39.883347	6.0	1306.432192014024	12.0	31.824771965870678	43.0	127.0	41418.0	5979.0	113018.0
116.305212	39.88284	12.0	1366.2137037439832	20.0	39.87646274016722	43.0	127.0	41434.0	5979.0	113034.0
116.304735	39.88235	20.0	1448.9872607313805	10.0	11.682141834019236	43.0	127.0	41456.0	5979.0	113056.0
116.304622	39.883453	17.0	865.0932740853312	23.0	798.1713205358526	43.0	127.0	36361.0	5992.0	100601.0
116.304875	39.88262	10.0	1112.663809080204	9.0	8.677210473316507	43.0	127.0	36416.0	5992.0	100656.0
116.30414	39.88324	14.0	899.3676613738078	11.0	782.3547821939462	43.0	127.0	33061.0	5995.0	91101.0
116.304365	39.88908	330.0	1893.5735004833905	34.0	88.4706173041273	43.0	127.0	33195.0	5995.0	91315.0
116.304755	39.88235	4.0	1563.7572947008293	29.0	21.733741682156317	43.0	127.0	30460.0	6110.0	82740.0
116.304375	39.883316	18.0	1565.9208328031075	18.0	326.7164762848013	43.0	127.0	34639.0	6119.0	93719.0
116.30435	39.883245	17.0	1818.0805471560227	20.0	215.5913904703888	43.0	127.0	40307.0	6123.0	111147.0
116.304762	39.882425	5.0	2057.6549660559467	18.0	20.078142313889035	43.0	127.0	40350.0	6123.0	111230.0
116.30497	39.883558	4.0	1692.9416896729483	13.0	60.714058121934315	43.0	128.0	34853.0	5897.0	94053.0
116.305225	39.883383	13.0	1724.1378966671066	14.0	15.728098890586802	43.0	128.0	34861.0	5897.0	94101.0
116.304795	39.882485	4.0	1843.3541139499162	12.0	21.014883771483635	43.0	128.0	34892.0	5897.0	94132.0
116.303967	39.883013	15.0	1329.540823365049	31.0	277.5997880509649	43.0	128.0	28307.0	5935.0	75147.0
116.304559	39.882578	3.0	1366.293084742206	20.0	23.029078206863023	43.0	128.0	37696.0	5979.0	102816.0
116.30377	39.88295	10.0	1295.9483349529005	38.0	327.198673828383	43.0	128.0	25834.0	5987.0	71034.0
116.304715	39.882381	23.0	2512.080977207772	10.0	500.7741799519324	43.0	128.0	41526.0	5992.0	113206.0
116.304932	39.883465	15.0	1120.3106491422236	6.0	190.2003430686774	43.0	128.0	37030.0	6110.0	101710.0
116.305427	39.883248	3.0	1176.8694059825361	30.0	21.30238520547547	43.0	128.0	37047.0	6110.0	101727.0
116.30498	39.882458	8.0	2244.093328471142	17.0	40.82580554678045	43.0	128.0	39181.0	6111.0	105301.0
116.305255	39.883493	27.0	1388.6068799791028	8.0	13.685357156792126	43.0	129.0	33165.0	5935.0	91245.0
116.30503	39.882455	13.0	1510.6567151221857	10.0	44.52750047875965	43.0	129.0	33229.0	5935.0	91349.0
116.30462	39.882526	95.0	1551.536943256668	8.0	13.277102830393314	43.0	129.0	33246.0	5935.0	91406.0
116.303725	39.88296	76.0	1298.310502877268	5.0	159.8687334192619	43.0	129.0	28123.0	5939.0	74843.0
116.30477	39.883435	23.0	1403.0882792178952	5.0	59.843339888485836	43.0	129.0	28239.0	5939.0	75039.0
116.305417	39.882846	175.0	1529.5974038169682	0.0	61.879294041126336	43.0	129.0	28317.0	5939.0	75157.0
116.304455	39.885463	30.0	1863.2458139591395	0.0	65.4632989577842	43.0	129.0	28522.0	5939.0	75522.0
116.30417	39.883143	18.0	1359.38857168336	29.0	295.32789794813624	43.0	129.0	25737.0	5987.0	70857.0
116.30536	39.882745	21.0	1546.597977212058	6.0	53.6553436199138	43.0	129.0	25811.0	5987.0	71011.0
116.304795	39.882406	4.0	1617.5711249727208	10.0	12.003189151806568	43.0	129.0	25837.0	5987.0	71037.0
116.30225	39.88219	81.0	691.6929440128952	26.0	28.054477359834543	43.0	129.0	30691.0	5995.0	83131.0
116.30381	39.882953	149.0	852.1682529477981	0.0	31.51938176804406	43.0	129.0	30802.0	5995.0	83322.0
116.305397	39.882753	131.0	1077.582482328429	0.0	41.96845060209842	43.0	129.0	31002.0	5995.0	83642.0
116.305212	39.883665	4.0	806.5869553635066	13.0	78.98581540866843	43.0	129.0	37849.0	6111.0	103049.0
116.30515	39.882585	5.0	942.1624857773098	19.0	39.85513983980364	43.0	129.0	37878.0	6111.0	103118.0
116.305117	39.882856	11.0	1822.073433167498	8.0	10.353227619985896	43.0	129.0	36734.0	6115.0	101214.0
116.304307	39.885028	66.0	2163.75166254229	28.0	246.398418230137	43.0	129.0	36806.0	6115.0	101326.0
116.305377	39.883377	4.0	1388.775860464373	24.0	17.52808315340521	43.0	129.0	34930.0	6118.0	94210.0
116.304925	39.883565	61.0	1491.6480052239315	0.0	46.883956298089316	43.0	131.0	28247.0	5939.0	75047.0
116.305455	39.882883	7.0	1601.1663909925085	6.0	75.78827095517399	43.0	131.0	28345.0	5939.0	75225.0
116.305245	39.882511	135.0	1646.9104117993302	0.0	31.893115126565384	43.0	131.0	28382.0	5939.0	75302.0
116.304622	39.882433	4.0	1642.9254080700837	15.0	19.532863170395718	43.0	131.0	33154.0	6110.0	91234.0
116.30466	39.882373	3.0	2910.8934436726026	23.0	27.948930656840865	43.0	131.0	41569.0	6119.0	113249.0
116.302002	39.882078	62.0	1477.2418195464759	0.0	105.43611042804133	43.0	131.0	30537.0	6123.0	82857.0
116.303865	39.882935	109.0	1663.1287789505643	0.0	60.36077443585659	43.0	131.0	30675.0	6123.0	83115.0
116.305265	39.882438	153.0	1919.865292232052	12.0	55.31045007385049	43.0	131.0	30813.0	6123.0	83333.0
