1512352687.0 116.300615 39.878451 0.0 0.0 3403.858163044184 43.0 0.0 
1512352717.0 116.300615 39.878451 0.0 0.0 3403.858163044184 43.0 0.0 
1512352747.0 116.300615 39.878451 0.0 0.0 3403.858163044184 43.0 0.0 
1512352777.0 116.300615 39.878451 0.0 0.0 3403.858163044184 43.0 0.0 
1512352807.0 116.300615 39.878451 0.0 0.0 3403.858163044184 43.0 0.0 
1512352837.0 116.300615 39.878451 0.0 0.0 3403.858163044184 43.0 0.0 
1512352867.0 116.300615 39.878451 0.0 0.0 3403.858163044184 43.0 0.0 
1512352905.0 116.300615 39.878451 0.0 0.0 3403.858163044184 43.0 0.0 
1512352927.0 116.300615 39.878451 0.0 0.0 3403.858163044184 43.0 0.0 
1512352957.0 116.300615 39.878451 0.0 0.0 3403.858163044184 43.0 0.0 
1512352987.0 116.300615 39.878451 0.0 0.0 3403.858163044184 43.0 0.0 
1512353047.0 116.300615 39.878451 0.0 0.0 3403.858163044184 43.0 0.0 
1512353077.0 116.300615 39.878451 0.0 0.0 3403.858163044184 43.0 0.0 
1512353107.0 116.300615 39.878451 0.0 0.0 3403.858163044184 43.0 0.0 
1512353137.0 116.300615 39.878451 0.0 0.0 3403.858163044184 43.0 0.0 
1512353197.0 116.300615 39.878451 0.0 0.0 3403.858163044184 43.0 0.0 
1512353227.0 116.300615 39.878451 0.0 0.0 3403.858163044184 43.0 0.0 
1512353256.0 116.300615 39.878451 0.0 0.0 3403.858163044184 43.0 0.0 
1512353287.0 116.300615 39.878451 0.0 0.0 3403.858163044184 43.0 0.0 
1512353317.0 116.300615 39.878451 0.0 0.0 3403.858163044184 43.0 0.0 
1512353376.0 116.300615 39.878451 0.0 0.0 3403.858163044184 43.0 0.0 
1512353406.0 116.300615 39.878451 0.0 0.0 3403.858163044184 43.0 0.0 
1512353467.0 116.300615 39.878451 0.0 0.0 3403.858163044184 43.0 0.0 
1512353526.0 116.300615 39.878451 0.0 0.0 3403.858163044184 43.0 0.0 
1512353556.0 116.300615 39.878451 0.0 0.0 3403.858163044184 43.0 0.0 
1512353587.0 116.300615 39.878451 0.0 0.0 3403.858163044184 43.0 0.0 
1512353617.0 116.300615 39.878451 0.0 0.0 3403.858163044184 43.0 0.0 
1512353647.0 116.300615 39.878451 0.0 0.0 3403.858163044184 43.0 0.0 
1512353677.0 116.300615 39.878451 0.0 0.0 3403.858163044184 43.0 0.0 
1512353707.0 116.300615 39.878451 0.0 0.0 3403.858163044184 43.0 0.0 
1512353737.0 116.300615 39.878451 0.0 0.0 3403.858163044184 43.0 0.0 
1512353767.0 116.300615 39.878451 0.0 0.0 3403.858163044184 43.0 0.0 
1512353796.0 116.300615 39.878451 0.0 0.0 3403.858163044184 43.0 0.0 
1512353826.0 116.300615 39.878451 0.0 0.0 3403.858163044184 43.0 0.0 
1512353857.0 116.300615 39.878451 0.0 0.0 3403.858163044184 43.0 0.0 
1512353887.0 116.300615 39.878451 0.0 0.0 3403.858163044184 43.0 0.0 
1512353917.0 116.300615 39.878451 0.0 0.0 3403.858163044184 43.0 0.0 
1512353977.0 116.300615 39.878451 0.0 0.0 3403.858163044184 43.0 0.0 
1512354007.0 116.300615 39.878451 0.0 0.0 3403.858163044184 43.0 0.0 
1512354037.0 116.300615 39.878451 0.0 0.0 3403.858163044184 43.0 0.0 
1512354067.0 116.300615 39.878451 0.0 0.0 3403.858163044184 43.0 0.0 
1512354097.0 116.300615 39.878451 0.0 0.0 3403.858163044184 43.0 0.0 
1512354126.0 116.300615 39.878451 0.0 0.0 3403.858163044184 43.0 0.0 
1512354157.0 116.300615 39.878451 0.0 0.0 3403.858163044184 43.0 0.0 
1512354187.0 116.300615 39.878451 0.0 0.0 3403.858163044184 43.0 0.0 
1512354247.0 116.300615 39.878451 0.0 0.0 3403.858163044184 43.0 0.0 
1512354277.0 116.300615 39.878451 0.0 0.0 3403.858163044184 43.0 0.0 
1512354307.0 116.300615 39.878451 0.0 0.0 3403.858163044184 43.0 0.0 
1512354337.0 116.300615 39.878451 0.0 0.0 3403.858163044184 43.0 0.0 
1512354388.0 116.30017 39.878181 10.0 48.445909062708054 3355.412253981478 43.0 0.0 
1512354392.0 116.30035 39.878113 15.0 17.134576982244706 3338.2776769992342 43.0 78.12591083407982 
1512354401.0 116.300785 39.87815 9.0 37.38052987623262 3300.8971471230034 43.0 115.50644071031243 
1512354431.0 116.300792 39.878046 0.0 11.586792837429728 3289.310354285575 43.0 127.09323354774216 
1512354491.0 116.30116 39.878145 12.0 33.30498097521128 3256.005373310363 43.0 160.39821452295342 
1512354495.0 116.30119 39.878291 19.0 16.44524334085821 3239.5601299695045 43.0 176.84345786381164 
1512354526.0 116.301112 39.878868 0.0 64.54351043609348 3175.0166195334095 43.0 241.3869682999051 
1512354556.0 116.301112 39.878868 0.0 0.0 3175.0166195334095 43.0 241.3869682999051 
1512354586.0 116.301112 39.878868 0.0 0.0 3175.0166195334095 43.0 241.3869682999051 
1512354616.0 116.301112 39.878868 0.0 0.0 3175.0166195334095 43.0 241.3869682999051 
1512354646.0 116.301112 39.878868 0.0 0.0 3175.0166195334095 43.0 241.3869682999051 
1512354676.0 116.301112 39.878868 0.0 0.0 3175.0166195334095 43.0 241.3869682999051 
1512354691.0 116.298568 39.87717 22.0 287.9307133789577 2887.0859061544543 43.0 529.3176816788628 
1512354711.0 116.297032 39.87711 15.0 131.36068879752116 2755.725217356936 43.0 660.6783704763839 
1512354715.0 116.297007 39.87729 23.0 20.140857039442146 2735.5843603174944 43.0 680.819227515826 
1512354745.0 116.296768 39.879678 18.0 266.47915669000537 2469.1052036274923 43.0 947.2983842058313 
1512354749.0 116.29682 39.879786 10.0 12.810866591771012 2456.2943370357243 43.0 960.1092507976024 
1512354788.0 116.298337 39.88034 11.0 143.4779802725222 2312.8163567632 43.0 1103.5872310701245 
1512354818.0 116.300532 39.881505 33.0 227.91521110806207 2084.901145655138 43.0 1331.5024421781866 
1512354848.0 116.303735 39.88294 15.0 316.73642084540626 1768.1647248097288 43.0 1648.2388630235928 
1512354878.0 116.305165 39.883458 14.0 135.0430347199296 1633.1216900897998 43.0 1783.2818977435224 
1512354882.0 116.305329 39.883377 17.0 16.655093322852395 1616.4665967669498 43.0 1799.936991066375 
1512354886.0 116.305407 39.883191 24.0 21.74062796046716 1594.7259688064805 43.0 1821.6776190268422 
1512354895.0 116.30531 39.882536 25.0 73.34663159195698 1521.3793372145228 43.0 1895.0242506187992 
1512354900.0 116.305075 39.882353 18.0 28.589860589017274 1492.789476625505 43.0 1923.6141112078164 
1512354904.0 116.304842 39.882361 19.0 19.919095440767762 1472.8703811847372 43.0 1943.5332066485842 
1512354908.0 116.304662 39.882485 15.0 20.655951377798377 1452.2144298069397 43.0 1964.1891580263825 
1512354942.0 116.304392 39.885557 42.0 342.57701897980314 1109.6374108271339 43.0 2306.766177006186 
1512354972.0 116.304495 39.888502 38.0 327.7877418080323 781.8496690191023 43.0 2634.5539188142184 
1512355002.0 116.304475 39.891502 40.0 333.793539023019 448.05612999608275 43.0 2968.3474578372375 
1512355062.0 116.304367 39.896667 26.0 574.7476781505098 910.9955521473603 42.0 3543.095135987747 
1512355092.0 116.30435 39.898285 23.0 180.02947743856615 730.966074708791 42.0 3723.1246134263133 
1512355152.0 116.304355 39.90145 40.0 352.1478327729289 378.8182419358636 42.0 4075.272446199242 
1512355185.0 116.3043 39.903397 17.0 216.68006115046157 162.13818078540498 42.0 4291.952507349703 
1512355212.0 116.30425 39.90518 32.0 198.42795377840204 126.55154774799303 41.0 4490.380461128106 
1512355243.0 116.304272 39.90791 37.0 303.75395138170575 347.9837878755061 39.0 4794.134412509811 
1512355273.0 116.304265 39.90978 20.0 208.06277397431734 139.92101390119205 39.0 5002.197186484129 
1512355302.0 116.304247 39.911097 17.0 146.54150242387473 1028.7160379087218 38.0 5148.7386889080035 
1512355332.0 116.30432 39.913362 50.0 252.08786221739643 776.6281756913231 38.0 5400.8265511254 
1512355362.0 116.30431 39.916195 25.0 315.20939512239295 461.4187805689289 38.0 5716.035946247794 
1512355422.0 116.304175 39.92044 29.0 472.4522307193774 330.9112721721249 37.0 6188.488176967171 
1512355452.0 116.304167 39.92286 15.0 269.2574627189656 61.65380945315701 37.0 6457.745639686136 
1512355482.0 116.30416 39.924023 12.0 129.40031411593657 259.72889539306925 36.0 6587.145953802073 
1512355512.0 116.3042 39.92549 26.0 163.258605252688 96.4702901403798 36.0 6750.40455905476 
1512355543.0 116.304205 39.927461 15.0 219.2998996858171 406.73890957359254 35.0 6969.704458740577 
1512355545.0 116.304195 39.927691 15.0 25.604731444704225 381.13417812888656 35.0 6995.309190185281 
1512355553.0 116.304255 39.927945 16.0 28.721019658250814 352.4131584706338 35.0 7024.030209843532 
1512355580.0 116.30415 39.929526 21.0 176.13500869128572 176.2781497793476 35.0 7200.1652185348175 
1512355610.0 116.30412 39.931425 24.0 211.30405649867555 1073.6964384274324 34.0 7411.469275033493 
1512355640.0 116.30413 39.933316 26.0 210.40017076502915 863.2962676624011 34.0 7621.869445798523 
1512355688.0 116.304075 39.93579 33.0 275.3048158700109 587.9914517923899 34.0 7897.174261668534 
1512355718.0 116.304115 39.938975 42.0 354.38927437657605 233.60217741581437 34.0 8251.56353604511 
1512355754.0 116.304019 39.942502 43.0 392.5102930871157 387.5022351332518 33.0 8644.073829132227 
1512355778.0 116.30394 39.945387 41.0 321.06468971937016 66.43754541387898 33.0 8965.138518851598 
1512355808.0 116.303675 39.948688 35.0 367.9746851059805 127.53723962067306 32.0 9333.113203957579 
1512355838.0 116.303332 39.952452 45.0 419.8153751265334 15.51273678502912 31.0 9752.928579084111 
1512355869.0 116.302955 39.956075 43.0 404.3871808899406 1015.4459100983586 29.0 10157.315759974052 
1512355898.0 116.302275 39.960277 63.0 471.11259781803767 544.3333122803233 29.0 10628.428357792089 
1512355902.0 116.302612 39.96088 66.0 72.99149085502776 471.3418214252961 29.0 10701.419848647116 
1512355938.0 116.309142 39.963417 62.0 624.4787992165008 619.6188054688682 28.0 11325.898647863616 
1512355968.0 116.315124 39.96552 64.0 561.3661939738965 58.25261149497237 28.0 11887.264841837512 
1512355999.0 116.321311 39.965865 55.0 529.148463228329 571.3452357213246 27.0 12416.41330506584 
1512356030.0 116.326695 39.966057 60.0 459.75278176359444 111.59245395773178 27.0 12876.166086829435 
1512356058.0 116.332846 39.966085 64.0 524.6898560902354 50.336466540247784 26.0 13400.85594291967 
1512356088.0 116.338558 39.966127 57.0 487.25604520074995 274.0511713503729 25.0 13888.11198812042 
1512356120.0 116.344358 39.96618 69.0 494.77483579503075 740.0746767453311 24.0 14382.88682391545 
1512356148.0 116.350585 39.96624 57.0 531.2042821696575 208.87039457567153 24.0 14914.091106085109 
1512356186.0 116.355675 39.966214 49.0 434.18590184793567 733.7676986429142 23.0 15348.277007933044 
1512356208.0 116.35984 39.96622 35.0 355.27457746710917 378.49312117580484 23.0 15703.551585400153 
1512356238.0 116.36446 39.96634 47.0 394.3111375727309 1797.0988475271006 22.0 16097.862722972885 
1512356267.0 116.368341 39.966445 38.0 331.25401357658444 1465.8448339505157 22.0 16429.11673654947 
1512356297.0 116.372581 39.966515 48.0 361.7539010991618 1104.0909328513553 22.0 16790.87063764863 
1512356304.0 116.373635 39.966781 47.0 94.65156950795156 1009.4393633434047 22.0 16885.52220715658 
1512356310.0 116.374268 39.967286 47.0 77.92589051665645 931.5134728267476 22.0 16963.448097673237 
1512356323.0 116.374603 39.968101 50.0 95.07509355169516 836.4383792750523 22.0 17058.523191224933 
1512356347.0 116.374901 39.971701 47.0 401.3526833543255 435.0856959207267 22.0 17459.87587457926 
1512356377.0 116.37512 39.976163 61.0 496.8070136414346 646.8720604508053 21.0 17956.682888220694 
1512356438.0 116.372801 39.984675 65.0 967.5001048626441 203.13832561056552 20.0 18924.182993083337 
1512356467.0 116.371393 39.989455 52.0 545.2217763431653 275.99505181912537 19.0 19469.404769426503 
1512356498.0 116.370005 39.992405 36.0 348.91239504771295 51.99797480495181 18.0 19818.317164474214 
1512356528.0 116.367673 39.995373 43.0 385.4710326375857 634.2175748196314 17.0 20203.7881971118 
1512356558.0 116.36571 39.997755 42.0 313.4528171013346 320.7647577182979 17.0 20517.241014213134 
1512356588.0 116.363535 40.000585 22.0 365.4218392738638 444.50884912272886 16.0 20882.662853486996 
1512356619.0 116.362577 40.001832 28.0 161.00021233696287 283.5086367857657 16.0 21043.66306582396 
1512356652.0 116.361575 40.003305 7.0 184.81756102239265 98.6910757633741 16.0 21228.48062684635 
1512356682.0 116.361117 40.003997 9.0 86.3288414401523 12.362234323220036 16.0 21314.809468286505 
1512356709.0 116.360002 40.005647 34.0 206.73336695478324 298.93704745077775 15.0 21521.54283524129 
1512356739.0 116.358632 40.007502 32.0 237.14637501379718 61.79067243698228 15.0 21758.689210255085 
1512356782.0 116.356045 40.011517 40.0 498.19050806318927 1342.7222338539614 14.0 22256.879718318272 
1512356790.0 116.3555 40.012025 22.0 73.16414332762143 1269.5580905263414 14.0 22330.043861645892 
1512356803.0 116.354955 40.012405 23.0 62.81611258823598 1206.7419779381053 14.0 22392.85997423413 
1512356833.0 116.35258 40.015265 57.0 377.1518931491054 829.5900847890007 14.0 22770.011867383233 
1512356864.0 116.349165 40.019691 68.0 572.0448458604371 257.5452389285638 14.0 23342.05671324367 
1512356893.0 116.345775 40.024116 56.0 570.8580666555991 515.8241367657938 13.0 23912.91477989927 
1512356923.0 116.342732 40.028058 58.0 509.5355302177955 6.288606547997915 13.0 24422.450310117067 
1512356984.0 116.335595 40.037253 73.0 1190.1929636712507 58.96844717371641 11.0 25612.64327378832 
1512357021.0 116.33193 40.042148 73.0 627.8125650306868 1500.2665448483604 10.0 26240.455838819005 
1512357043.0 116.330306 40.04451 30.0 297.0051739469067 1203.261370901455 10.0 26537.46101276591 
1512357076.0 116.328318 40.047553 64.0 378.57758709549483 824.6837838059619 10.0 26916.038599861404 
1512357115.0 116.325568 40.050882 48.0 438.2739135951374 386.409870210824 10.0 27354.31251345654 
1512357117.0 116.32468 40.051839 55.0 130.6175518803273 255.79231833049562 10.0 27484.93006533687 
1512357142.0 116.323406 40.05354 32.0 218.17086892335143 37.62144940714279 10.0 27703.100934260223 
1512357172.0 116.322078 40.055182 25.0 214.88595532926527 2212.0100300251834 9.0 27917.986889589487 
1512357202.0 116.321498 40.056152 30.0 118.69756176548478 2093.312468259697 9.0 28036.684451354973 
1512357232.0 116.319293 40.059205 51.0 388.16041602673073 1705.1520522329665 9.0 28424.844867381704 
1512357262.0 116.316542 40.062682 49.0 452.2994186874794 1252.852633545488 9.0 28877.144286069182 
1512357292.0 116.313982 40.066127 46.0 440.9846054740205 811.8680280714689 9.0 29318.1288915432 
1512357322.0 116.31174 40.069141 39.0 385.9050619108626 425.962966160605 9.0 29704.033953454065 
1512357352.0 116.309912 40.071463 37.0 301.6385264295284 124.32443973107729 9.0 30005.672479883593 
1512357382.0 116.307689 40.07437 57.0 374.7782721312222 2502.4448626819867 8.0 30380.450752014814 
1512357442.0 116.30483 40.078036 55.0 475.0337503386608 2027.411112343325 8.0 30855.484502353476 
1512357443.0 116.302552 40.081038 48.0 386.2594073716473 1641.1517049716786 8.0 31241.743909725123 
1512357472.0 116.299862 40.084478 54.0 446.0545595241913 1195.0971454474875 8.0 31687.798469249316 
1512357505.0 116.297138 40.087803 42.0 436.64997504565133 758.447170401836 8.0 32124.448444294965 
1512357592.0 116.293623 40.092427 51.0 595.1990709539796 163.24809944785738 8.0 32719.647515248944 
1512357622.0 116.292927 40.093395 0.0 122.9286334562539 40.319465991604375 8.0 32842.5761487052 
1512357652.0 116.292942 40.093395 0.0 1.27711753880703 39.04234845279825 8.0 32843.853266244005 
1512357682.0 116.292933 40.09341 0.0 1.8364505515522596 37.20589790124541 8.0 32845.689716795554 
1512357712.0 116.29293 40.093407 0.0 0.4203050715128122 36.785592829732195 8.0 32846.11002186707 
1512357742.0 116.292918 40.09341 0.0 1.0748364946020779 35.71075633513101 8.0 32847.184858361674 
1512357772.0 116.292918 40.09341 0.0 0.0 35.71075633513101 8.0 32847.184858361674 
1512357802.0 116.291367 40.095477 44.0 265.19587061946413 1125.0928806412066 7.0 33112.38072898114 
1512357858.0 116.288588 40.098982 55.0 456.13461705915853 668.958263582048 7.0 33568.515346040294 
1512357862.0 116.286555 40.102207 47.0 398.38261758570354 270.575645996345 7.0 33966.897963626 
1512357887.0 116.284377 40.104795 49.0 342.47826152582644 2541.1279779297965 6.0 34309.37622515183 
1512357938.0 116.280455 40.10786 52.0 477.24018364700277 2063.887794282793 6.0 34786.61640879883 
1512357955.0 116.27652 40.110772 57.0 466.01255265012963 1597.8752416326643 6.0 35252.62896144896 
1512357979.0 116.272325 40.11355 58.0 472.26476855491757 1125.610473077746 6.0 35724.893730003874 
1512358037.0 116.265725 40.119098 38.0 834.6247726038233 290.9857004739224 6.0 36559.518502607694 
1512358067.0 116.2643 40.120718 0.0 217.24929900912065 73.73640146480102 6.0 36776.767801616814 
1512358099.0 116.26431 40.120731 0.0 1.6782283501635544 72.05817311463761 6.0 36778.44602996698 
1512358127.0 116.26431 40.120735 0.0 0.44505222622400487 71.61312088841441 6.0 36778.89108219321 
1512358147.0 116.26374 40.121653 15.0 113.07413015507548 222.2845291540707 5.0 36891.96521234828 
1512358152.0 116.26375 40.12163 10.0 2.6968572951991616 219.58767185887154 5.0 36894.662069643484 
1512358157.0 116.263595 40.121536 13.0 16.834445337387066 202.75322652148498 5.0 36911.49651498087 
1512358187.0 116.263245 40.121693 0.0 34.53130054655053 168.2219259749345 5.0 36946.02781552742 
1512358214.0 116.263212 40.121935 8.0 27.071733331809 141.15019264312468 5.0 36973.09954885923 
1512358237.0 116.26305 40.122221 0.0 34.6795907657457 106.47060187737952 5.0 37007.779139624974 
1512358247.0 116.26294 40.122025 13.0 23.732020426572568 82.73858145080703 5.0 37031.511160051545 
1512358277.0 116.262927 40.122123 0.0 10.959765560938656 71.77881588986747 5.0 37042.470925612484 
1512358307.0 116.262927 40.122123 0.0 0.0 71.77881588986747 5.0 37042.470925612484 
1512358337.0 116.2629 40.122836 0.0 79.3638309663008 199.52824288408192 4.0 37121.834756578784 
1512358350.0 116.262627 40.122993 13.0 29.067773807208297 170.46046907687378 4.0 37150.902530385996 
1512358358.0 116.262102 40.123175 15.0 49.054327386104056 121.4061416907698 4.0 37199.9568577721 
1512358363.0 116.262029 40.12341 27.0 26.874750705252534 94.53139098551765 4.0 37226.831608477354 
1512358393.0 116.262045 40.12606 33.0 294.85024392889125 395.1379073721928 3.0 37521.68185240625 
1512358426.0 116.262607 40.129206 18.0 353.28566665496646 41.85224071722587 3.0 37874.96751906121 
1512358453.0 116.26258 40.129373 12.0 18.722444891258498 23.12979582596745 3.0 37893.68996395247 
1512358483.0 116.262547 40.130295 0.0 102.62296625809243 1307.1758806194412 2.0 37996.312930210566 
1512358513.0 116.262305 40.132593 46.0 256.51042903126256 1050.6654515881783 2.0 38252.823359241826 
1512358526.0 116.261482 40.134123 53.0 184.07418819824085 866.591263389937 2.0 38436.897547440065 
1512358586.0 116.257075 40.139682 24.0 723.3010123695149 143.29025102042215 2.0 39160.19855980958 
1512358616.0 116.255745 40.141288 26.0 211.50563253646186 3610.961641091597 1.0 39371.70419234604 
1512358646.0 116.2539 40.14311 40.0 256.3911264420332 3354.570514649564 1.0 39628.09531878807 
1512358676.0 116.251757 40.145477 60.0 320.3112780178821 3034.259236631682 1.0 39948.40659680596 
1512358735.0 116.244015 40.156525 90.0 1394.5529145221844 1639.7063221094977 1.0 41342.95951132814 
1512358766.0 116.239765 40.16285 91.0 791.1567004246074 848.5496216848906 1.0 42134.11621175275 
1512358781.0 116.238218 40.166032 90.0 377.6981318020127 470.851489882878 1.0 42511.81434355476 
1512358810.0 116.236493 40.172295 78.0 712.1159279735167 3311.7879661465704 0.0 43223.930271528276 
1512358842.0 116.233803 40.177718 65.0 645.2874027131088 2666.500563433461 0.0 43869.21767424139 
1512358871.0 116.231145 40.182726 80.0 601.2997155238884 2065.200847909573 0.0 44470.51738976528 
1512358901.0 116.228106 40.188683 83.0 711.3810144874254 1353.8198334221474 0.0 45181.8984042527 
1512358931.0 116.22503 40.194822 84.0 731.395582851381 622.4242505707664 0.0 45913.29398710408 
